1 11 10000 1  2  2 3 3 0 360
2 11 10000 1  4  4 3 3 0 360
3 11 10000 1  6  6 3 3 0 360
4 11 10000 1  8  8 3 3 0 360
5 11 10000 1 10 10 3 3 0 360

11 13 10000 1  2  2 3 3 0 360
12 13 10000 1  4  4 3 3 0 360
13 13 10000 1  6  6 3 3 0 360
14 13 10000 1  8  8 3 3 0 360
15 13 10000 1 10 10 3 3 0 360

21 211 10000 1  2  2 3 3 0 360
22 211 10000 1  4  4 3 3 0 360
23 211 10000 1  6  6 3 3 0 360
24 211 10000 1  8  8 3 3 0 360
25 211 10000 1 10 10 3 3 0 360

31 321 10000 1  2  2 3 3 0 360
32 321 10000 1  4  4 3 3 0 360
33 321 10000 1  6  6 3 3 0 360
34 321 10000 1  8  8 3 3 0 360
35 321 10000 1 10 10 3 3 0 360

41 2212 10000 1  2  2 3 3 0 360
42 2212 10000 1  4  4 3 3 0 360
43 2212 10000 1  6  6 3 3 0 360
44 2212 10000 1  8  8 3 3 0 360
45 2212 10000 1 10 10 3 3 0 360

450 13 1 1 10 10 3 3 0 360
