22   40   15.5   41.5   -39.5   109.5       
0.016867033   -0.011903918   682.08533   143470   1.8626355       
0.051599143   -0.025054795   2046.1127   309255   5.5878111       
0.084511756   -0.02875096   3410.0833   473645   9.3129609       
0.11422583   -0.025938976   4774.0246   638387   13.038082       
0.14064046   -0.018255529   6137.9406   802875   16.763178       
0.16386693   -0.00670481   7501.8449   967097   20.488284       
0.18397188   0.0081384795   8865.7196   1131023   24.213351       
0.20161494   0.025470191   10229.592   1292559   27.938448       
0.21727352   0.044747422   11593.444   1453787   31.663521       
0.2313944   0.06552054   12957.295   1615180   35.388613       
0.24446653   0.087349203   14321.14   1776818   39.113707       
0.2567538   0.10999469   15684.977   1938553   42.838791       
0.26843626   0.13330619   17048.81   2100228   46.563874       
0.27982539   0.15703685   18412.646   2261874   50.288968       
0.29118188   0.18098705   19776.483   2423346   54.014067       
0.30264355   0.20506526   21140.315   2584796   57.739149       
0.31437838   0.22913649   22504.161   2746040   61.464264       
0.32638641   0.25318563   23868.002   2907377   65.189359       
0.33858785   0.27726459   25231.84   3068684   68.914443       
0.35103597   0.30131818   26595.685   3229752   72.639544       
0.36366845   0.32538488   27959.534   3391140   76.364652       
0.37645307   0.34948465   29323.377   3552126   80.08974       
0.38931671   0.37367192   30687.227   3713179   83.814845       
0.40227904   0.39792061   32051.077   3874109   87.539949       
0.41532639   0.42223428   33414.932   4035081   91.265062       
0.42844903   0.44661194   34778.779   4195928   94.990154       
0.44170189   0.47099144   36142.63   4356561   98.715254       
0.45507677   0.49535926   37506.484   4517354   102.44036       
0.46856378   0.51969835   38870.341   4677973   106.16547       
0.48212408   0.54400523   40234.197   4838502   109.89058       
0.49566059   0.56831593   41598.05   4999120   113.61569       
0.50911875   0.59260565   42961.896   5159468   117.34077       
0.522364   0.61689132   44325.752   5319608   121.06589       
0.5352014   0.64118821   45689.59   5479440   124.79098       
0.54711435   0.66571732   47053.422   5638905   128.51608       
0.55772774   0.6904097   48417.242   5797599   132.24119       
0.56644451   0.71514687   49781.032   5957007   135.96628       
0.57233354   0.73967082   51144.781   6118200   139.69136       
0.57409942   0.76313425   52508.462   6280393   143.41642       
0.56932515   0.78303544   53872.012   6446903   147.14148       
0.017901085   -0.012865962   683.76538   146350   1.8626461       
0.052692099   -0.029997152   2049.5271   308525   5.5878394       
0.084703478   -0.038166924   3414.3158   470257   9.3129855       
0.11287278   -0.039756065   4778.7205   632910   13.03811       
0.13733544   -0.03639119   6142.9083   796539   16.763194       
0.1581775   -0.028969728   7506.9627   960298   20.488247       
0.17568257   -0.018182074   8870.9461   1124016   24.213319       
0.19056566   -0.0048474094   10234.871   1286354   27.93837       
0.20325158   0.010547901   11598.76   1447936   31.663419       
0.21425609   0.02751423   12962.629   1609351   35.388473       
0.22413169   0.045572359   14326.482   1771035   39.113525       
0.23316639   0.064468373   15690.333   1932637   42.838593       
0.24161913   0.083987879   17054.172   2094378   46.56364       
0.24983393   0.10385745   18418.021   2255934   50.28872       
0.25804784   0.12389398   19781.863   2417443   54.013772       
0.26638853   0.14400625   21145.709   2578883   57.73883       
0.27500492   0.16407717   22509.561   2740078   61.463897       
0.28392327   0.18407905   23873.408   2901258   65.188954       
0.29306774   0.20406607   25237.259   3062447   68.914018       
0.30246917   0.22400268   26601.111   3223435   72.639088       
0.31208267   0.2439151   27964.968   3384477   76.364169       
0.32186223   0.26383552   29328.813   3545640   80.089218       
0.33172523   0.28382446   30692.668   3706613   83.814297       
0.34169118   0.30385623   32056.518   3867504   87.539361       
0.35174667   0.32393431   33420.366   4028386   91.264423       
0.3618825   0.34405802   34784.215   4189370   94.98949       
0.37215435   0.36416781   36148.065   4350054   98.714565       
0.38256633   0.38424478   37511.912   4510835   102.43964       
0.39312319   0.40426282   38875.754   4671394   106.1647       
0.40377888   0.42422846   40239.586   4832137   109.88976       
0.41447349   0.44414915   41603.414   4992580   113.61484       
0.42511143   0.46404281   42967.228   5153000   117.33991       
0.43555412   0.48393504   44331.018   5313171   121.06499       
0.44561232   0.50384342   45694.77   5473055   124.79005       
0.45479366   0.52397403   47058.459   5632662   128.51512       
0.46267349   0.54432985   48422.042   5791458   132.24016       
0.46864722   0.56484322   49785.472   5951386   135.96523       
0.47179382   0.58532446   51148.636   6113534   139.6903       
0.47081904   0.60510291   52511.281   6278099   143.41534       
0.46358468   0.62232047   53872.675   6446517   147.14039       
0.01897144   -0.013776541   684.64473   149443   1.8626628       
0.054398173   -0.034105101   2051.728   309197   5.5878813       
0.086000227   -0.046077618   3417.2496   468954   9.3130421       
0.11306392   -0.051461496   4782.0705   629553   13.038146       
0.13598899   -0.051834913   6146.5067   791564   16.763203       
0.15484727   -0.04797593   7510.7263   954663   20.488265       
0.17014201   -0.040682552   8874.8042   1118257   24.213311       
0.18264817   -0.03078581   10238.792   1281837   27.938344       
0.19273762   -0.018712288   11602.719   1444767   31.663368       
0.20099512   -0.0049915267   12966.614   1606190   35.388398       
0.20803677   0.0098564862   14330.494   1767916   39.113451       
0.21417489   0.025564889   15694.355   1929747   42.838488       
0.21975007   0.04185799   17058.21   2091268   46.563523       
0.22513863   0.058437221   18422.062   2252812   50.288554       
0.23055529   0.075134369   19785.923   2414504   54.0136       
0.2361176   0.091861019   21149.784   2575402   57.738633       
0.24195583   0.10851648   22513.656   2736553   61.463693       
0.24812001   0.12505883   23877.516   2897849   65.188722       
0.25453702   0.14154244   25241.38   3058681   68.913764       
0.26121628   0.1579516   26605.249   3220174   72.638822       
0.26812957   0.17430104   27969.106   3381129   76.36385       
0.27521695   0.19063248   29332.968   3541707   80.088894       
0.28238641   0.2070153   30696.827   3702688   83.813935       
0.28965902   0.2234248   32060.687   3863921   87.538983       
0.29702133   0.23986463   33424.545   4024815   91.264029       
0.30446457   0.25633513   34788.399   4185560   94.989071       
0.3120454   0.2727785   36152.254   4346011   98.714125       
0.31977859   0.28916871   37516.097   4506934   102.43916       
0.32768383   0.30547037   38879.939   4667338   106.16421       
0.33570807   0.3217006   40243.762   4827788   109.88924       
0.3438281   0.33783868   41607.576   4988494   113.6143       
0.35190706   0.3539442   42971.353   5148887   117.33933       
0.35980426   0.37005176   44335.095   5309158   121.06437       
0.36733718   0.38618399   45698.774   5469015   124.78943       
0.37404068   0.40253773   47062.341   5628611   128.51447       
0.37944461   0.41918981   48425.728   5787763   132.2395       
0.38294278   0.43613079   49788.838   5948197   135.96453       
0.3836392   0.45325666   51151.47   6111745   139.68957       
0.38028469   0.4701227   52513.221   6278562   143.41462       
0.37108852   0.48557658   53872.997   6448759   147.13966       
0.020063086   -0.014655706   685.18917   152747   1.8626773       
0.05651219   -0.037655097   2053.2403   311027   5.5879187       
0.088113505   -0.052873233   3419.3738   469371   9.3130921       
0.11445324   -0.061528553   4784.5621   628440   13.038194       
0.13620724   -0.065133096   6149.2301   788822   16.763262       
0.15343729   -0.064337463   7513.5881   950678   20.488309       
0.16687006   -0.060043001   8877.7498   1113715   24.213329       
0.17734305   -0.053091204   10241.799   1277284   27.938361       
0.18517608   -0.043848683   11605.77   1441595   31.663385       
0.19102295   -0.032882651   12969.692   1603196   35.388407       
0.19556228   -0.020750673   14333.58   1765045   39.113417       
0.19913166   -0.0077338716   15697.455   1927071   42.838434       
0.20215376   0.0058307691   17061.328   2088844   46.563471       
0.20503817   0.019619764   18425.196   2250310   50.288497       
0.20797714   0.033481542   19789.065   2411630   54.013517       
0.21108044   0.047331235   21152.945   2572789   57.738553       
0.21445733   0.061083487   22516.819   2733833   61.463566       
0.21818245   0.074680484   23880.7   2894805   65.188598       
0.22218428   0.088177425   25244.577   3055802   68.913625       
0.22645068   0.10157809   26608.448   3216721   72.638644       
0.23097103   0.11488462   27972.322   3377594   76.363675       
0.23566997   0.12814945   29336.196   3538592   80.088709       
0.24044644   0.14144925   30700.067   3699459   83.813744       
0.24532264   0.15476149   32063.931   3860327   87.538765       
0.25028657   0.16809132   33427.789   4021083   91.263778       
0.25533017   0.18143937   34791.652   4181794   94.988816       
0.26051026   0.19474977   36155.505   4342456   98.713843       
0.26585247   0.20798828   37519.355   4502961   102.43888       
0.27138948   0.22110952   38883.193   4663638   106.16391       
0.27706248   0.23414163   40247.006   4824037   109.88892       
0.28288568   0.24703738   41610.804   4984443   113.61395       
0.28868126   0.2598962   42974.564   5144741   117.33899       
0.294306   0.27276356   44338.261   5304998   121.06401       
0.29958557   0.28566819   45701.867   5465015   124.78904       
0.30408356   0.29880028   47065.321   5624744   128.51405       
0.30728623   0.31231028   48428.541   5784253   132.23908       
0.30858996   0.32625198   49791.371   5945576   135.9641       
0.30713411   0.34061726   51153.551   6110580   139.68913       
0.30173487   0.35520746   52514.555   6279454   143.41417       
0.29091815   0.3695017   53873.163   6451046   147.13922       
0.021142522   -0.015496929   685.51794   156044   1.8626861       
0.058734033   -0.040761601   2054.2429   313244   5.5879747       
0.090356244   -0.058608111   3420.8479   470629   9.3131535       
0.11610591   -0.070012261   4786.3355   628678   13.038265       
0.1367674   -0.076299772   6151.1859   787759   16.763327       
0.15250174   -0.07807169   7515.6518   947992   20.48835       
0.16423062   -0.076308621   8879.8904   1110293   24.213375       
0.17274874   -0.071782612   10243.982   1273558   27.938389       
0.17841145   -0.064865732   11607.985   1438134   31.663409       
0.18197419   -0.056185245   12971.926   1600103   35.388414       
0.18417038   -0.046329552   14335.835   1762401   39.113426       
0.18537925   -0.03560526   15699.725   1924595   42.838441       
0.18606127   -0.024374045   17063.608   2086397   46.563464       
0.18664328   -0.012969544   18427.482   2247851   50.288468       
0.18732173   -0.0015468795   19791.369   2409014   54.013499       
0.18818705   0.0098221536   21155.255   2570067   57.738512       
0.18934189   0.021057515   22519.147   2730846   61.463536       
0.1908676   0.032098137   23883.034   2891657   65.188543       
0.19269451   0.042999206   25246.922   3052506   68.913557       
0.19480365   0.053771929   26610.811   3213353   72.638584       
0.19717302   0.064427625   27974.694   3374173   76.3636       
0.1997182   0.075026169   29338.571   3535072   80.088608       
0.20234935   0.085634182   30702.445   3695924   83.813617       
0.20507118   0.096243958   32066.317   3856678   87.53863       
0.2078653   0.10686749   33430.194   4017530   91.263665       
0.2107345   0.1174981   34794.058   4178088   94.988676       
0.21374573   0.12807493   36157.913   4338758   98.713683       
0.21693546   0.13855697   37521.767   4499239   102.43871       
0.22033261   0.14890598   38885.598   4659724   106.16371       
0.22388873   0.15914449   40249.419   4820189   109.88874       
0.2276218   0.16922765   41613.203   4980547   113.61375       
0.23137295   0.17924337   42976.944   5140921   117.33878       
0.23498859   0.18925407   44340.605   5301149   121.06378       
0.23829632   0.19930016   45704.157   5461255   124.7888       
0.24084334   0.2096022   47067.528   5621290   128.51382       
0.24211912   0.22034325   48430.594   5781802   132.23882       
0.241521   0.2316449   49793.193   5944429   135.96384       
0.23818641   0.24363178   51154.998   6110303   139.68886       
0.2310299   0.25631567   52515.409   6279868   143.41389       
0.21886313   0.26965379   53873.197   6452560   147.13893       
0.022220082   -0.016315729   685.68283   159598   1.8627173       
0.061089411   -0.043559436   2054.8163   316448   5.5880298       
0.092886815   -0.063593738   3421.7629   473265   9.3132058       
0.11826551   -0.077343641   4787.4864   630676   13.03832       
0.13802918   -0.085903965   6152.4933   788865   16.76339       
0.15248465   -0.089858851   7517.0657   947874   20.488429       
0.16273306   -0.090251302   8881.3625   1108900   24.213434       
0.16948382   -0.087748534   10245.495   1271840   27.938439       
0.17316745   -0.082754117   11609.527   1436825   31.663453       
0.17465339   -0.075964967   12973.485   1599550   35.388447       
0.17472597   -0.067997297   14337.415   1762411   39.113468       
0.1738142   -0.05919013   15701.313   1925013   42.838467       
0.17239965   -0.049918099   17065.202   2086869   46.563472       
0.17091962   -0.040520362   18429.095   2248191   50.288496       
0.16958375   -0.03116252   19792.987   2409269   54.013509       
0.16845889   -0.021900866   21156.884   2570080   57.738523       
0.16764563   -0.012813661   22520.778   2730666   61.463519       
0.16722655   -0.0039623651   23884.682   2891220   65.188538       
0.16713158   0.0047086466   25248.577   3051929   68.913538       
0.16734204   0.013212742   26612.48   3212535   72.63857       
0.16781265   0.021580483   27976.366   3373228   76.363562       
0.1684529   0.029877861   29340.253   3534050   80.088569       
0.16919343   0.038155317   30704.144   3694787   83.813597       
0.17001248   0.046426757   32068.02   3855567   87.538593       
0.17088164   0.054712328   33431.901   4016304   91.263614       
0.17182012   0.06299318   34795.77   4176952   94.988616       
0.17290742   0.071199548   36159.635   4337447   98.713629       
0.17419056   0.079284939   37523.483   4497828   102.43863       
0.1756878   0.087223189   38887.321   4658175   106.16363       
0.17736572   0.095025023   40251.139   4818523   109.88865       
0.17923407   0.10266022   41614.915   4978786   113.61366       
0.18118   0.1101873   42978.635   5139148   117.33865       
0.18303757   0.11768961   44342.282   5299438   121.06368       
0.1846331   0.1252259   45705.782   5459761   124.78867       
0.18548136   0.13306907   47069.076   5620179   128.51368       
0.18510023   0.14142238   48432.035   5781488   132.2387       
0.18288774   0.15048535   49794.448   5945313   135.96371       
0.17796828   0.16053836   51155.962   6112084   139.68872       
0.16936765   0.17178848   52515.955   6282124   143.41376       
0.15612818   0.18454841   53873.246   6455224   147.13879       
0.023301261   -0.017125792   685.73488   163184   1.8627358       
0.063554578   -0.046199636   2055.0913   320614   5.5880679       
0.095708432   -0.068174782   3422.2823   477316   9.3132788       
0.12091451   -0.083999715   4788.181   634274   13.038401       
0.13998051   -0.094558716   6153.3012   791719   16.763461       
0.15335605   -0.10042277   7517.9483   949763   20.488494       
0.16232146   -0.10269791   8882.2947   1109493   24.213494       
0.16750082   -0.10194616   10246.467   1271464   27.938513       
0.16939926   -0.098601452   11610.517   1437286   31.663513       
0.16900215   -0.093430786   12974.493   1601203   35.388506       
0.16714386   -0.087077021   14338.431   1764647   39.113515       
0.16430352   -0.079911699   15702.34   1927385   42.838513       
0.1609834   -0.072321941   17066.244   2089220   46.563533       
0.15763068   -0.064652066   18430.14   2250402   50.288542       
0.15447128   -0.057078771   19794.035   2411284   54.013542       
0.15154931   -0.04964173   21157.938   2571980   57.73855       
0.14896319   -0.042418508   22521.85   2732376   61.463572       
0.14679418   -0.035469736   23885.754   2892712   65.188569       
0.14497305   -0.028740792   25249.665   3053114   68.913587       
0.14347848   -0.022215811   26613.562   3213532   72.638577       
0.14224468   -0.015845729   27977.463   3374095   76.363591       
0.14117324   -0.0095572923   29341.355   3534778   80.08859       
0.14021602   -0.0033159922   30705.251   3695455   83.81361       
0.13932577   0.0029129109   32069.135   3856170   87.53861       
0.13846309   0.009158268   33433.015   4016875   91.263608       
0.13766393   0.015388118   34796.894   4177415   94.988621       
0.13701961   0.021524822   36160.756   4337713   98.713612       
0.13658954   0.027515521   37524.615   4497959   102.43863       
0.13637919   0.033346684   38888.452   4658200   106.16363       
0.13637218   0.039018526   40252.262   4818342   109.88863       
0.13656923   0.044513386   41616.036   4978547   113.61364       
0.13690245   0.049859934   42979.747   5138866   117.33864       
0.13719283   0.055163371   44343.369   5299181   121.06365       
0.13726817   0.060500299   45706.839   5459848   124.78865       
0.13661041   0.066197981   47070.075   5620952   128.51365       
0.1347668   0.072481433   48432.943   5783044   132.23867       
0.13113702   0.079627439   49795.207   5947627   135.96366       
0.12483044   0.088066393   51156.51   6115290   139.68867       
0.11496973   0.098179622   52516.211   6285716   143.4137       
0.10076968   0.11054755   53873.236   6458706   147.13875       
0.024326551   -0.017883428   685.70167   166459   1.8627601       
0.065938473   -0.048563469   2055.1347   324282   5.5881148       
0.098546398   -0.072201705   3422.4645   481165   9.3133412       
0.12367356   -0.089775291   4788.4767   637886   13.038465       
0.14215679   -0.10201101   6153.6833   794775   16.76354       
0.15456818   -0.1094612   7518.3842   952310   20.488569       
0.16233117   -0.11327054   8882.7667   1111229   24.213567       
0.16605277   -0.11394785   10246.962   1271487   27.93858       
0.1663312   -0.11197035   11611.029   1439303   31.663579       
0.16423252   -0.10814807   12975.019   1604035   35.388574       
0.16062704   -0.1031399   14338.968   1767777   39.113587       
0.15603974   -0.09734559   15702.889   1930591   42.838597       
0.15099317   -0.091163933   17066.793   2092309   46.563599       
0.14595151   -0.084950395   18430.696   2253366   50.288612       
0.14114906   -0.078886325   19794.597   2414105   54.013616       
0.13662671   -0.073008654   21158.504   2574662   57.738624       
0.13247322   -0.067388016   22522.412   2734841   61.463622       
0.12876212   -0.062079594   23886.329   2895035   65.188637       
0.12542142   -0.057027132   25250.24   3055259   68.913641       
0.12242176   -0.052208005   26614.142   3215599   72.63863       
0.11967357   -0.047552605   27978.046   3376137   76.363635       
0.11708519   -0.042992091   29341.946   3536677   80.088643       
0.11461561   -0.038497449   30705.845   3697261   83.813657       
0.11220444   -0.034023222   32069.73   3858034   87.538646       
0.10980845   -0.029537479   33433.617   4018723   91.263652       
0.10746887   -0.025077013   34797.501   4179172   94.988669       
0.10528685   -0.020723541   36161.368   4339398   98.713667       
0.10332973   -0.016532846   37525.221   4499534   102.43866       
0.10159855   -0.012512339   38889.064   4659615   106.16368       
0.10009742   -0.008675145   40252.873   4819640   109.88867       
0.098828744   -0.0050356102   41616.64   4979578   113.61367       
0.09775821   -0.0015848762   42980.347   5139760   117.33868       
0.096697074   0.001799999   44343.95   5300152   121.06369       
0.095463242   0.0052221389   45707.39   5460977   124.78867       
0.093531756   0.0090407642   47070.582   5622470   128.51367       
0.090473464   0.013506555   48433.383   5785009   132.23868       
0.08567761   0.018979482   49795.551   5950504   135.96368       
0.078260365   0.026009967   51156.717   6119023   139.68871       
0.067425036   0.035125982   52516.244   6289218   143.41373       
0.052475458   0.047124659   53873.174   6462251   147.13878       
0.025226954   -0.0185387   685.60853   169307   1.8627795       
0.068043988   -0.050545856   2055.004   327374   5.5881595       
0.10114497   -0.075587565   3422.383   484489   9.3133937       
0.1261973   -0.094577427   4788.4517   641085   13.038519       
0.1441427   -0.10816954   6153.7041   797661   16.763597       
0.15562999   -0.11687368   7518.4387   954865   20.488631       
0.16214534   -0.121818   8882.8486   1113418   24.213644       
0.16443042   -0.12357193   10247.05   1272079   27.938634       
0.16320921   -0.12268177   11611.127   1442559   31.663629       
0.15955738   -0.11994902   12975.134   1607715   35.388647       
0.15434854   -0.1160246   14339.084   1771494   39.113643       
0.14814703   -0.11133036   15703.013   1934352   42.83866       
0.14149949   -0.10627809   17066.918   2096031   46.563655       
0.1349046   -0.10124624   18430.822   2256934   50.288661       
0.12859023   -0.09641123   19794.728   2417466   54.01367       
0.12263793   -0.091839815   21158.64   2577758   57.738684       
0.11711093   -0.087583222   22522.55   2737823   61.463683       
0.11205487   -0.083676993   23886.467   2897880   65.188693       
0.10739176   -0.080060953   25250.384   3057980   68.913703       
0.10306734   -0.076691927   26614.297   3218245   72.638715       
0.098963499   -0.073478701   27978.201   3378811   76.363709       
0.095025281   -0.07037985   29342.103   3539292   80.088713       
0.091190129   -0.067348398   30705.996   3700040   83.813704       
0.087413529   -0.064350798   32069.896   3860615   87.538726       
0.083661343   -0.061362918   33433.783   4021257   91.26373       
0.079959522   -0.058407993   34797.656   4181717   94.988714       
0.076410995   -0.05556722   36161.529   4341837   98.713723       
0.073083747   -0.052894267   37525.391   4501999   102.43874       
0.0699876   -0.050400577   38889.222   4662003   106.16372       
0.067158969   -0.048121653   40253.036   4821819   109.88874       
0.064626384   -0.046087976   41616.799   4981619   113.61374       
0.062360632   -0.04428801   42980.492   5141527   117.33872       
0.060173139   -0.04258811   44344.085   5302010   121.06373       
0.057846382   -0.040838456   45707.518   5462872   124.78874       
0.054902199   -0.038691279   47070.681   5624552   128.51373       
0.050922806   -0.035859989   48433.443   5787305   132.23875       
0.045259924   -0.031881457   49795.546   5953345   135.96374       
0.037093194   -0.026139796   51156.631   6122052   139.68876       
0.025698267   -0.017989285   52516.096   6292793   143.41379       
0.010366304   -0.0064235234   53873.071   6466501   147.13883       
0.026129346   -0.019187703   685.46806   172069   1.8627899       
0.070217823   -0.052427442   2054.7291   330304   5.588207       
0.10393316   -0.078705108   3422.0751   487670   9.3134545       
0.12905739   -0.098910481   4788.1456   644484   13.038585       
0.14662237   -0.11364443   6153.4104   800996   16.763674       
0.15734716   -0.12338163   7518.1498   957992   20.488696       
0.16277781   -0.12923802   8882.5669   1116538   24.213707       
0.16379015   -0.13184549   10246.779   1277395   27.938711       
0.16123195   -0.13181838   11610.861   1447257   31.663707       
0.15618822   -0.12995025   12974.866   1612381   35.388711       
0.14953788   -0.12688591   14338.818   1776091   39.113707       
0.14188262   -0.12306804   15702.75   1938951   42.838726       
0.13379409   -0.11892159   17066.664   2100474   46.563738       
0.12580586   -0.11484722   18430.569   2261331   50.288741       
0.11814002   -0.11101591   19794.476   2421683   54.013753       
0.11091836   -0.10752414   21158.383   2581796   57.738754       
0.10417927   -0.10440457   22522.299   2741736   61.463768       
0.097940279   -0.10167201   23886.216   2901794   65.188775       
0.092117373   -0.099262149   25250.129   3061867   68.913774       
0.086631466   -0.097112076   26614.048   3222183   72.638797       
0.081335653   -0.095109535   27977.953   3382780   76.363791       
0.076211312   -0.093240042   29341.856   3543267   80.088795       
0.071174394   -0.091439502   30705.753   3704043   83.813793       
0.066194853   -0.089684956   32069.65   3864526   87.538803       
0.061249897   -0.08796056   33433.537   4025239   91.263804       
0.05635027   -0.0862763   34797.417   4185657   94.988805       
0.051599526   -0.084711388   36161.293   4345820   98.713821       
0.047065767   -0.083318647   37525.147   4505963   102.43881       
0.042769254   -0.082115268   38888.985   4665948   106.16381       
0.038777658   -0.081155604   40252.794   4825729   109.88882       
0.035147418   -0.080486786   41616.558   4985439   113.61382       
0.031854841   -0.080094392   42980.254   5145441   117.33883       
0.028709563   -0.079834312   44343.843   5305739   121.06383       
0.025457115   -0.079512193   45707.261   5466561   124.78883       
0.021666007   -0.078794688   47070.415   5628017   128.51382       
0.016926773   -0.077361247   48433.16   5790603   132.23883       
0.010549393   -0.074654093   49795.254   5956723   135.96384       
0.0017689784   -0.070001336   51156.327   6125479   139.68885       
-0.010082668   -0.062663906   52515.826   6296701   143.41388       
-0.02576114   -0.051475517   53872.96   6471429   147.13891       
0.027032137   -0.019832992   685.30139   174808   1.8628044       
0.072420704   -0.05426125   2054.3517   333109   5.5882459       
0.10681576   -0.081683165   3421.5996   490440   9.3135027       
0.13209854   -0.10298526   4787.6354   647332   13.038664       
0.1493791   -0.11872734   6152.8704   803892   16.76373       
0.15944416   -0.12935672   7517.6034   960825   20.488764       
0.16389717   -0.13597868   8882.0169   1119563   24.21378       
0.1637474   -0.13928848   10246.226   1282748   27.938786       
0.15996619   -0.13996897   11610.307   1452025   31.663784       
0.15364716   -0.13880556   12974.306   1617043   35.388777       
0.14567434   -0.13643812   14338.266   1780643   39.113798       
0.13668572   -0.13333041   15702.195   1943387   42.838811       
0.12727749   -0.12992113   17066.107   2104737   46.563823       
0.11801781   -0.12663388   18430.007   2265613   50.28882       
0.10912369   -0.12363398   19793.916   2425879   54.013842       
0.10075746   -0.12104751   21157.821   2585849   57.738846       
0.092932069   -0.11888828   22521.734   2745773   61.463859       
0.085637363   -0.1171509   23885.643   2905737   65.188856       
0.078783551   -0.11576745   25249.562   3065901   68.913876       
0.072264612   -0.11465501   26613.471   3226341   72.638877       
0.065906878   -0.11368067   27977.374   3386909   76.363873       
0.059727109   -0.1128571   29341.279   3547386   80.088884       
0.053619203   -0.11210324   30705.174   3708110   83.813882       
0.047568339   -0.111407   32069.072   3868706   87.5389       
0.041562589   -0.11075997   33432.956   4029471   91.263898       
0.035597402   -0.1101593   34796.836   4189828   94.988903       
0.029776872   -0.10968262   36160.707   4350151   98.713908       
0.024170039   -0.10938258   37524.564   4510423   102.43891       
0.018805929   -0.10928088   38888.4   4670523   106.16391       
0.013784201   -0.10945216   40252.209   4830314   109.88892       
0.0091886705   -0.10995975   41615.972   4990110   113.61393       
0.0050010071   -0.11078629   42979.665   5150122   117.33893       
0.0010297492   -0.11177728   44343.248   5310385   121.06392       
-0.0030155724   -0.11269411   45706.672   5470980   124.78893       
-0.0075191491   -0.11321447   47069.835   5631911   128.51394       
-0.012882136   -0.11298336   48432.582   5794060   132.23894       
-0.019837102   -0.11134948   49794.69   5960021   135.96393       
-0.029098628   -0.10759475   51155.814   6128896   139.68895       
-0.041292617   -0.10090136   52515.427   6300542   143.41399       
-0.057240433   -0.089968484   53872.821   6476186   147.13904       
0.027930372   -0.020467159   685.11369   177443   1.8628262       
0.074510961   -0.055962975   2053.893   335438   5.5882873       
0.10945258   -0.084334831   3420.9937   492860   9.3135661       
0.1347163   -0.10647054   4786.9432   650001   13.038726       
0.1514657   -0.122887   6152.1318   806386   16.763798       
0.16061325   -0.13405712   7516.8347   963386   20.488827       
0.16383674   -0.14109085   8881.2264   1122367   24.213831       
0.1622202   -0.14470547   10245.422   1288548   27.938828       
0.15690314   -0.1456856   11609.497   1457730   31.663834       
0.14905206   -0.14485617   12973.5   1622528   35.388853       
0.13955347   -0.14285021   14337.449   1785897   39.113857       
0.12910269   -0.14016907   15701.375   1948558   42.838874       
0.1183204   -0.13726609   17065.29   2109863   46.563903       
0.10775199   -0.13454524   18429.192   2270359   50.288914       
0.097674148   -0.1322153   19793.089   2430541   54.013916       
0.088201953   -0.1303667   21156.991   2590204   57.738925       
0.079381282   -0.12903836   22520.9   2750052   61.463941       
0.071175296   -0.12820501   23884.807   2910066   65.188945       
0.06344694   -0.12776388   25248.722   3070238   68.913967       
0.056099899   -0.12764048   26612.629   3230486   72.638975       
0.048940966   -0.12768742   27976.528   3391333   76.363969       
0.041941341   -0.12788214   29340.431   3551900   80.088984       
0.034957283   -0.12811439   30704.325   3712768   83.813988       
0.027964456   -0.12836486   32068.218   3873301   87.539002       
0.020983325   -0.12864914   33432.096   4034247   91.263992       
0.014025567   -0.12897533   34795.978   4194714   94.989011       
0.0071890161   -0.12941583   36159.846   4355035   98.714017       
0.00057135022   -0.13004341   37523.699   4515371   102.43902       
-0.0057689301   -0.13090026   38887.531   4675194   106.16401       
-0.011707048   -0.13207701   40251.337   4835009   109.88902       
-0.017153695   -0.13363619   41615.107   4994791   113.61404       
-0.022113811   -0.13556412   42978.796   5154793   117.33903       
-0.026713579   -0.13774644   44342.387   5314783   121.06403       
-0.031294605   -0.13988987   45705.821   5475226   124.78905       
-0.036239754   -0.14164875   47068.991   5635921   128.51404       
-0.041911067   -0.14266049   48431.773   5797298   132.23906       
-0.049070232   -0.14219505   49793.93   5962883   135.96405       
-0.058438792   -0.13944931   51155.149   6131593   139.68907       
-0.070657367   -0.13349953   52514.935   6303813   143.41409       
-0.0866038   -0.12293365   53872.653   6480081   147.13914       
0.028827829   -0.021097828   684.90546   180059   1.8628636       
0.076602384   -0.057637143   2053.3593   338036   5.5883395       
0.11211469   -0.08690711   3420.2611   495482   9.3136308       
0.13739833   -0.10980153   4786.0884   652635   13.038792       
0.15366   -0.12680026   6151.2057   809307   16.763871       
0.16193643   -0.13840949   7515.8637   966452   20.4889       
0.1639765   -0.1457464   8880.222   1126390   24.213892       
0.16093126   -0.14954769   10244.408   1294758   27.938913       
0.15410825   -0.15070135   11608.468   1463898   31.663912       
0.14475169   -0.15007616   12972.454   1628577   35.388912       
0.13375255   -0.14830066   14336.403   1791900   39.113935       
0.12186482   -0.14591408   15700.324   1954194   42.838957       
0.1097363   -0.14338666   17064.233   2115462   46.563986       
0.097887002   -0.14110089   18428.126   2275796   50.288987       
0.086661634   -0.13931448   19792.022   2435704   54.014001       
0.076120427   -0.1380768   21155.927   2595361   57.739035       
0.066347358   -0.13745492   22519.823   2755020   61.464034       
0.05728034   -0.13740549   23883.73   2914940   65.189054       
0.048730438   -0.13778747   25247.629   3075132   68.914051       
0.040614587   -0.13853817   26611.536   3235452   72.639071       
0.032720054   -0.13949582   27975.433   3396128   76.364075       
0.024965526   -0.1405967   29339.324   3556794   80.089074       
0.017168156   -0.14170073   30703.214   3717770   83.81408       
0.0092918698   -0.1427796   32067.107   3878586   87.539106       
0.0013906864   -0.1438734   33430.986   4039213   91.264113       
-0.0065062634   -0.14500279   34794.858   4199889   94.989116       
-0.014306906   -0.14623621   36158.721   4360193   98.71412       
-0.021882294   -0.14766822   37522.577   4520395   102.43914       
-0.029142452   -0.14936143   38886.406   4680420   106.16413       
-0.035938203   -0.15142305   40250.212   4840150   109.88914       
-0.042176673   -0.15391365   41613.977   4999882   113.61415       
-0.047846827   -0.15682502   42977.674   5159679   117.33915       
-0.053005608   -0.16008633   44341.277   5319592   121.06417       
-0.058048226   -0.16334927   45704.719   5479904   124.78917       
-0.06336115   -0.16624349   47067.916   5640247   128.51416       
-0.069269561   -0.16840088   48430.744   5801420   132.23917       
-0.076567033   -0.16901823   49792.988   5966221   135.96418       
-0.085993325   -0.1672108   51154.346   6134709   139.6892       
-0.098214383   -0.16195675   52514.367   6307126   143.41422       
-0.11416681   -0.15174384   53872.467   6484417   147.13927       
0.029724715   -0.021724535   684.66586   182679   1.8628764       
0.078709889   -0.05928017   2052.7498   340538   5.5883788       
0.11482911   -0.089396251   3419.4062   497979   9.3136801       
0.14018561   -0.11297664   4785.0777   655144   13.038847       
0.1560242   -0.13047021   6150.099   811839   16.763934       
0.16350068   -0.14242255   7514.6928   969062   20.488958       
0.1644328   -0.14996203   8879.0153   1130277   24.21396       
0.16003503   -0.153846   10243.169   1300165   27.938965       
0.15178388   -0.1550687   11607.221   1469339   31.663986       
0.14099954   -0.15454251   12971.196   1633948   35.388988       
0.1285771   -0.15289086   14335.137   1797235   39.114014       
0.11532965   -0.1506918   15699.051   1959363   42.839033       
0.10193212   -0.14843277   17062.953   2120535   46.564059       
0.088880327   -0.14647397   18426.846   2280593   50.289075       
0.076586723   -0.1451207   19790.74   2440329   54.014101       
0.065055942   -0.14438176   21154.632   2599720   57.739116       
0.054411902   -0.14435394   22518.526   2759263   61.464129       
0.044565338   -0.14497412   23882.423   2919077   65.189142       
0.035276804   -0.14606513   25246.318   3079266   68.914149       
0.026475275   -0.14757392   26610.216   3239596   72.639166       
0.017929146   -0.14932519   27974.108   3400246   76.364175       
0.0095040958   -0.15121525   29337.996   3561038   80.089181       
0.00097754148   -0.15307411   30701.885   3722023   83.814201       
-0.0076986224   -0.15486379   32065.763   3883030   87.539206       
-0.016435732   -0.15664942   33429.641   4043723   91.264223       
-0.025187   -0.15846448   34793.508   4204367   94.98923       
-0.033865957   -0.16037215   36157.368   4364758   98.714238       
-0.042312588   -0.16248875   37521.22   4524980   102.43926       
-0.050405868   -0.16489941   38885.046   4684909   106.16425       
-0.05797082   -0.16772729   40248.851   4844630   109.88926       
-0.064911202   -0.17103067   41612.618   5004249   113.61427       
-0.071201277   -0.17480692   42976.326   5163797   117.33929       
-0.076829593   -0.17902839   44339.935   5323728   121.06429       
-0.082245183   -0.18329368   45703.396   5483954   124.78928       
-0.087840657   -0.18720941   47066.639   5644250   128.51429       
-0.093906698   -0.19040402   48429.527   5805048   132.23929       
-0.10127233   -0.19200673   49791.885   5969147   135.96432       
-0.1107023   -0.19105694   51153.411   6137470   139.68931       
-0.1228941   -0.18644179   52513.722   6310217   143.41435       
-0.13885186   -0.17654866   53872.256   6488383   147.13939       
0.030536632   -0.022283259   684.41092   185006   1.8629023       
0.080668837   -0.060788139   2052.0802   342765   5.5884259       
0.11721684   -0.091575983   3418.4592   500036   9.3137499       
0.1424739   -0.11564248   4783.9455   657055   13.038917       
0.15766339   -0.13337107   6148.8434   813683   16.763989       
0.16421249   -0.14546147   7513.3613   971118   20.489013       
0.16396281   -0.15302696   8877.6323   1134023   24.214008       
0.15817666   -0.15683659   10241.754   1305246   27.939014       
0.14847592   -0.15797413   11605.782   1474365   31.664031       
0.13625428   -0.15739503   12969.747   1638963   35.389051       
0.12244876   -0.15574673   14333.674   1802092   39.114073       
0.10792198   -0.1536398   15697.581   1964120   42.839103       
0.093350682   -0.15156058   17061.475   2125142   46.564131       
0.079229339   -0.14986925   18425.365   2284839   50.289165       
0.065984108   -0.14888125   19789.25   2444386   54.014188       
0.053619883   -0.14860392   21153.137   2603635   57.739214       
0.042269788   -0.14914005   22517.02   2763037   61.464221       
0.031786297   -0.15038307   23880.914   2922829   65.189252       
0.02193125   -0.15215788   25244.798   3083012   68.914252       
0.012583873   -0.15437422   26608.686   3243341   72.639267       
0.0034989905   -0.15684707   27972.571   3404088   76.364278       
-0.0055126381   -0.15943218   29336.454   3564901   80.089293       
-0.014674324   -0.16195939   30700.331   3725916   83.8143       
-0.024030393   -0.16439328   32064.204   3886846   87.539309       
-0.033502008   -0.16679023   33428.074   4047654   91.264322       
-0.043034884   -0.16918816   34791.943   4208389   94.989348       
-0.052519598   -0.17166666   36155.795   4368819   98.714351       
-0.061759751   -0.17436837   37519.637   4528959   102.43935       
-0.070599961   -0.17740261   38883.469   4688815   106.16437       
-0.078862267   -0.18089196   40247.272   4848477   109.88938       
-0.086426649   -0.18490869   41611.043   5007855   113.61439       
-0.093225967   -0.18947585   42974.757   5167478   117.3394       
-0.099246044   -0.19455955   44338.383   5327246   121.06441       
-0.10493542   -0.19974929   45701.881   5487235   124.78942       
-0.11064672   -0.20466672   47065.167   5647361   128.51442       
-0.11671   -0.20888531   48428.143   5807987   132.23943       
-0.12399151   -0.21147232   49790.627   5971704   135.96444       
-0.13325454   -0.21142077   51152.377   6139432   139.68946       
-0.14524003   -0.20752867   52513.016   6312433   143.41448       
-0.16102826   -0.19808174   53872.045   6491279   147.13951       
0.031279477   -0.022785746   684.13469   187143   1.8629191       
0.082524223   -0.062188002   2051.3551   344814   5.5884695       
0.11937482   -0.093511784   3417.4165   501822   9.3137879       
0.14441974   -0.11791249   4782.7002   658462   13.03897       
0.15879986   -0.13567079   6147.4593   814792   16.764027       
0.16433461   -0.14773165   7511.8893   972573   20.489047       
0.16284656   -0.15516781   8876.1147   1137625   24.214073       
0.15562846   -0.15875055   10240.197   1309866   27.939075       
0.14443092   -0.1596436   11604.197   1479230   31.664089       
0.13071967   -0.15884626   12968.145   1643740   35.389113       
0.11551105   -0.15705798   14332.061   1806771   39.114146       
0.099712816   -0.15491878   15695.958   1968577   42.839183       
0.083985967   -0.15290121   17059.841   2129333   46.564209       
0.068849736   -0.15138217   18423.719   2288623   50.289237       
0.0547025   -0.15065612   19787.602   2448116   54.014281       
0.041593414   -0.15076279   21151.47   2607062   57.739284       
0.029642773   -0.15179517   22515.35   2766212   61.464312       
0.01861272   -0.15358088   23879.229   2925980   65.189334       
0.0083124296   -0.15598083   25243.103   3086043   68.914338       
-0.001483421   -0.1588271   26606.981   3246524   72.639353       
-0.011031354   -0.161927   27970.855   3407207   76.364363       
-0.020577836   -0.16509416   29334.733   3568178   80.089391       
-0.03031404   -0.16818274   30698.597   3729161   83.81439       
-0.040267351   -0.17116903   32062.467   3890256   87.539413       
-0.05040629   -0.1740734   33426.332   4051000   91.264434       
-0.060679842   -0.1769304   34790.187   4211794   94.989445       
-0.070928425   -0.17985558   36154.033   4372340   98.714449       
-0.080914547   -0.18302153   37517.875   4532448   102.43947       
-0.090447389   -0.18656285   38881.699   4692128   106.16448       
-0.099361801   -0.19059014   40245.504   4851652   109.88949       
-0.10749847   -0.19520207   41609.276   5011090   113.6145       
-0.11472455   -0.20046662   42972.995   5170311   117.33951       
-0.12108092   -0.20630181   44336.642   5330084   121.06452       
-0.12697031   -0.21232333   45700.177   5490032   124.78954       
-0.13266361   -0.2182005   47063.523   5649982   128.51455       
-0.13859689   -0.22340529   48426.587   5810306   132.23955       
-0.14567325   -0.22694849   49789.224   5973808   135.96456       
-0.15463719   -0.22779852   51151.208   6140835   139.68956       
-0.16627559   -0.22466712   52512.217   6313980   143.41458       
-0.18174813   -0.21573026   53871.793   6493633   147.13963       
0.032021226   -0.023285861   683.84308   189261   1.8629376       
0.084375555   -0.063583516   2050.5791   346854   5.588511       
0.12153582   -0.09543294   3416.306   503721   9.3138516       
0.14638693   -0.12014171   4781.3526   660354   13.039007       
0.15998776   -0.13789198   6145.9714   816689   16.764083       
0.16454547   -0.149875   7510.3076   974911   20.489109       
0.16186068   -0.15712526   8874.4642   1142163   24.21412       
0.15325657   -0.16041987   10238.503   1315173   27.939118       
0.1406108   -0.16100339   11602.475   1483844   31.664138       
0.12546032   -0.15991948   12966.404   1648245   35.389168       
0.10890012   -0.15792033   14330.307   1811046   39.11421       
0.09188298   -0.15567608   15694.192   1972716   42.83925       
0.075054479   -0.15364643   17058.071   2133194   46.5643       
0.058957366   -0.15222491   18421.937   2292698   50.289324       
0.043962014   -0.15168486   19785.803   2451501   54.014355       
0.030163855   -0.15209988   21149.666   2610186   57.739374       
0.01766745   -0.15355194   22513.533   2769266   61.464398       
0.0061466181   -0.15580365   23877.402   2928873   65.189424       
-0.0045422778   -0.15875092   25241.267   3088833   68.914438       
-0.014729721   -0.16214887   26605.131   3249278   72.639448       
-0.024683054   -0.16579761   27968.997   3410543   76.36447       
-0.03470711   -0.1694671   29332.854   3571161   80.089471       
-0.044958735   -0.17303751   30696.719   3732323   83.814498       
-0.055451115   -0.1764956   32060.575   3893323   87.53951       
-0.066198486   -0.17982677   33424.432   4054294   91.264535       
-0.077153379   -0.1830619   34788.275   4215469   94.989536       
-0.088105827   -0.18635284   36152.123   4375356   98.714568       
-0.098778509   -0.18990117   37515.957   4535739   102.43958       
-0.10894395   -0.19386765   38879.775   4695921   106.16458       
-0.11845055   -0.19835108   40243.581   4854828   109.88961       
-0.12709981   -0.20347721   41607.357   5014540   113.61462       
-0.13469389   -0.20935952   42971.086   5173778   117.33963       
-0.14132985   -0.21586915   44334.756   5333228   121.06465       
-0.14736504   -0.22264739   45698.318   5493173   124.78965       
-0.15298807   -0.22941324   47061.73   5652749   128.51466       
-0.1587438   -0.23553981   48424.897   5813149   132.23966       
-0.16557496   -0.23998439   49787.705   5975950   135.96468       
-0.17420914   -0.2416942   51149.96   6142630   139.6897       
-0.18548182   -0.23929631   52511.372   6315555   143.41472       
-0.20062702   -0.23084922   53871.522   6495903   147.13975       
0.032719828   -0.023752453   683.52826   191262   1.8629522       
0.086045591   -0.064848225   2049.753   348753   5.588568       
0.12342099   -0.097141589   3415.1109   505451   9.3139031       
0.14798411   -0.12205232   4779.9125   661840   13.039055       
0.16077353   -0.13971322   6144.3683   818109   16.76412       
0.16432484   -0.15152574   7508.6034   976962   20.489153       
0.16043257   -0.15850218   8872.6875   1146305   24.214151       
0.15046655   -0.16144017   10236.691   1320128   27.939177       
0.13641715   -0.16165647   11600.633   1488884   31.664201       
0.11988616   -0.16023544   12964.539   1653296   35.38923       
0.10204643   -0.15798211   14328.43   1815854   39.114287       
0.083897642   -0.15559904   15692.302   1977361   42.839333       
0.066067445   -0.15353242   17056.162   2137466   46.564365       
0.049114349   -0.15218668   18420.023   2296565   50.289409       
0.033385889   -0.15181756   19783.874   2455187   54.014428       
0.019007678   -0.15252054   21147.731   2613670   57.739464       
0.0060640879   -0.1543628   22511.586   2772625   61.464493       
-0.0058439788   -0.15705339   23875.44   2932085   65.189514       
-0.016833389   -0.16050779   25239.293   3092006   68.914528       
-0.027328654   -0.1644126   26603.142   3252535   72.639535       
-0.037613187   -0.16855686   27967   3413279   76.364569       
-0.048039551   -0.17267574   29330.85   3574412   80.089584       
-0.058739019   -0.17666909   30694.7   3735440   83.814603       
-0.069717544   -0.18052932   32058.542   3896442   87.539609       
-0.081021888   -0.18421694   33422.387   4057596   91.26463       
-0.092601353   -0.18776389   34786.229   4218412   94.989652       
-0.10420711   -0.19134995   36150.065   4378929   98.714672       
-0.11551791   -0.19520823   37513.892   4538846   102.43969       
-0.12627119   -0.19952519   38877.709   4698555   106.1647       
-0.13632094   -0.20439384   40241.516   4857837   109.88973       
-0.14542788   -0.2099684   41605.288   5016805   113.61473       
-0.15333558   -0.21640261   42969.031   5176036   117.33974       
-0.16018111   -0.22353355   44332.723   5335525   121.06476       
-0.16627642   -0.23103146   45696.326   5495240   124.78977       
-0.1717552   -0.23864714   47059.807   5654985   128.51479       
-0.17725858   -0.24566863   48423.092   5814820   132.2398       
-0.1837767   -0.25100144   49786.076   5977576   135.96481       
-0.19202666   -0.25357511   51148.61   6143599   139.68982       
-0.2028927   -0.25193897   52510.454   6316466   143.41484       
-0.21768049   -0.24402544   53871.221   6497390   147.13986       
0.033208018   -0.024059977   683.1932   192771   1.8629617       
0.08694426   -0.065531617   2048.8626   350159   5.5885847       
0.12424011   -0.098019522   3413.8332   506673   9.3139124       
0.14814087   -0.1227987   4778.3899   662845   13.039087       
0.15997214   -0.1401758   6142.6776   819115   16.764146       
0.16225742   -0.15152542   7506.7932   979062   20.489149       
0.15688309   -0.15791284   8870.8132   1150871   24.214169       
0.14535   -0.16022141   10234.768   1325263   27.939196       
0.12971258   -0.15980829   11598.676   1494113   31.664219       
0.1116231   -0.15779022   12962.567   1658436   35.389276       
0.092345818   -0.15503631   14326.434   1820770   39.114319       
0.07296473   -0.15230935   15690.293   1981828   42.83937       
0.05410585   -0.15005367   17054.147   2141590   46.56442       
0.036304609   -0.14865637   18417.992   2300267   50.289452       
0.019939275   -0.14839502   19781.836   2458535   54.014487       
0.0050785915   -0.14932284   21145.686   2616739   57.739536       
-0.0082404118   -0.1514713   22509.525   2775677   61.464555       
-0.02041092   -0.15455474   23873.366   2935043   65.189576       
-0.03164247   -0.15842101   25237.203   3094848   68.914586       
-0.042352789   -0.16276173   26601.045   3255400   72.639611       
-0.052891303   -0.16731729   27964.883   3416277   76.364625       
-0.063613048   -0.17182328   29328.723   3577379   80.089649       
-0.074661985   -0.17617097   30692.56   3738538   83.814667       
-0.086093724   -0.18031605   32056.396   3899634   87.539686       
-0.097916193   -0.18424737   33420.231   4060649   91.264709       
-0.11004352   -0.18802261   34784.057   4221591   94.989715       
-0.12223859   -0.19181145   36147.889   4382046   98.714746       
-0.13413087   -0.19588197   37511.706   4542044   102.43975       
-0.14542644   -0.20044248   38875.521   4701618   106.16478       
-0.15594271   -0.20561193   40239.327   4860665   109.88981       
-0.16539106   -0.21157908   41603.111   5019580   113.61483       
-0.17350366   -0.21850372   42966.862   5178644   117.33984       
-0.18036056   -0.2262626   44330.574   5337918   121.06485       
-0.18622187   -0.23456169   45694.221   5497549   124.78986       
-0.19130232   -0.24308532   47057.77   5657320   128.51488       
-0.19626751   -0.2510969   48421.171   5816977   132.23989       
-0.20216426   -0.25745149   49784.346   5979577   135.9649       
-0.20971182   -0.26106188   51147.179   6145001   139.68991       
-0.21981671   -0.26042865   52509.476   6316695   143.41492       
-0.23382944   -0.25336722   53870.914   6498399   147.13995       
0.033694001   -0.024368092   682.84117   194279   1.8629814       
0.087811701   -0.066253235   2047.9166   351565   5.5885979       
0.12500903   -0.098963404   3412.4945   507822   9.3139411       
0.14824281   -0.12361896   4776.7877   663748   13.039108       
0.15912265   -0.1407057   6140.8969   820032   16.764145       
0.16015773   -0.151576   7504.9088   981573   20.489171       
0.15332144   -0.15734815   8868.8501   1155384   24.214179       
0.14024667   -0.15899428   10232.756   1330311   27.939211       
0.12305054   -0.15791276   11596.632   1499163   31.664245       
0.10343401   -0.15525337   12960.499   1663429   35.389306       
0.082753875   -0.15195178   14324.348   1825528   39.114355       
0.062176691   -0.14883079   15688.194   1986145   42.839415       
0.042326616   -0.14633353   17052.039   2145490   46.564481       
0.023716088   -0.14483121   18415.873   2303741   50.289523       
0.0067524183   -0.14462306   19779.703   2461752   54.014552       
-0.008551855   -0.14572055   21143.534   2619883   57.739587       
-0.022206378   -0.14812035   22507.36   2778673   61.46461       
-0.034599128   -0.151541   23871.188   2937916   65.189634       
-0.046031945   -0.15576293   25235.012   3097721   68.91465       
-0.056923675   -0.160478   26598.836   3258176   72.639666       
-0.067686457   -0.16538124   27962.662   3419092   76.364689       
-0.078677984   -0.17020667   29326.489   3580312   80.089714       
-0.090053748   -0.17483704   30690.309   3741421   83.814723       
-0.10191779   -0.1791914   32054.139   3902677   87.53976       
-0.11423974   -0.18328716   33417.961   4063697   91.264777       
-0.12689756   -0.18720897   34781.783   4224745   94.989802       
-0.13966737   -0.19111589   36145.598   4385145   98.714813       
-0.15212612   -0.19531401   37509.417   4545154   102.43985       
-0.16395018   -0.20003295   38873.223   4704443   106.16486       
-0.17491845   -0.20541967   40237.026   4863540   109.88989       
-0.18469291   -0.21169928   41600.815   5022423   113.61491       
-0.19299297   -0.2190399   42964.581   5181634   117.33993       
-0.19984357   -0.22735816   44328.312   5340967   121.06493       
-0.20545404   -0.23639575   45692.002   5500622   124.78995       
-0.21012188   -0.24577219   47055.624   5660261   128.51496       
-0.2145403   -0.2547267   48419.152   5819988   132.23998       
-0.21981805   -0.26206255   49782.518   5981968   135.96499       
-0.22668074   -0.26667861   51145.654   6146788   139.68999       
-0.23606358   -0.26703045   52508.427   6317911   143.415       
-0.24935754   -0.26080048   53870.576   6500059   147.14004       
0.034176128   -0.024677849   682.4354   195788   1.8629802       
0.088633903   -0.067034052   2046.8956   352974   5.588636       
0.12570762   -0.10000094   3411.0635   509025   9.313969       
0.14826689   -0.12454568   4775.087   664688   13.039118       
0.15819947   -0.14134112   6139.0294   821002   16.764171       
0.15799408   -0.15172101   7502.9268   984466   20.489193       
0.14971006   -0.15686129   8866.791   1159951   24.214196       
0.13510976   -0.15782438   10230.645   1335328   27.939226       
0.11637248   -0.15605158   11594.492   1504120   31.66428       
0.095246754   -0.15272675   12958.334   1668306   35.389345       
0.073181902   -0.14885271   14322.165   1830176   39.1144       
0.051426868   -0.1453119   15685.994   1990336   42.839462       
0.030603792   -0.14254665   17049.824   2149350   46.564528       
0.011203094   -0.14091293   18413.653   2307255   50.289592       
-0.0063396625   -0.14073099   19777.467   2465273   54.014616       
-0.022067417   -0.14197104   21141.287   2623444   57.739658       
-0.036037412   -0.14459444   22505.102   2782153   61.464686       
-0.048632303   -0.14832392   23868.911   2941239   65.189702       
-0.060245758   -0.15287273   25232.723   3101078   68.914725       
-0.07129696   -0.15793296   26596.535   3261531   72.639752       
-0.082262526   -0.16315332   27960.34   3422608   76.364759       
-0.093501448   -0.16826787   29324.156   3583713   80.089795       
-0.1051817   -0.1731505   30687.961   3744968   83.814799       
-0.11745667   -0.177684   32051.775   3906322   87.53983       
-0.13025601   -0.1819148   33415.589   4067298   91.264861       
-0.14342272   -0.18595303   34779.401   4228321   94.989888       
-0.15674524   -0.1899488   36143.206   4388723   98.7149       
-0.16974969   -0.19424478   37507.015   4548525   102.43993       
-0.18208027   -0.19909316   38870.82   4707914   106.16495       
-0.19347904   -0.20466775   40234.62   4866664   109.88998       
-0.20355877   -0.21123023   41598.404   5026199   113.61498       
-0.21202507   -0.21895827   42962.185   5186641   117.34001       
-0.21884879   -0.2278085   44325.94   5346747   121.06502       
-0.22418995   -0.23755937   45689.672   5506610   124.79003       
-0.22842962   -0.24776842   47053.377   5666357   128.51507       
-0.23229253   -0.25765219   48417.017   5825928   132.24008       
-0.23695044   -0.26596836   49780.583   5987528   135.96509       
-0.24314184   -0.27160795   51144.026   6151648   139.69009       
-0.25183849   -0.27299175   52507.28   6322022   143.4151       
-0.26447182   -0.26766948   53870.185   6504422   147.14014       
0.034578934   -0.024927664   681.93105   197135   1.8630019       
0.089053987   -0.067591201   2045.7157   354091   5.5886378       
0.12554317   -0.1004835   3409.4812   509832   9.3139716       
0.14699965   -0.12457795   4773.2516   665231   13.039119       
0.15539721   -0.14060951   6137.0298   821642   16.764173       
0.15335071   -0.15000502   7500.8116   988434   20.489186       
0.14300485   -0.15400163   8864.602   1165871   24.214203       
0.12635896   -0.15383172   10228.402   1341436   27.93924       
0.10568412   -0.15100319   11592.209   1510211   31.664285       
0.082724445   -0.14669688   12956.03   1674028   35.389367       
0.059015651   -0.14197854   14319.847   1835665   39.114441       
0.035857027   -0.13776822   15683.664   1995072   42.839513       
0.013874849   -0.13451208   17047.484   2153455   46.564591       
-0.0063441753   -0.13263791   18411.294   2312052   50.289641       
-0.024434555   -0.13241485   19775.103   2470947   54.014687       
-0.040519355   -0.13375457   21138.91   2630131   57.739729       
-0.054653405   -0.13662064   22502.711   2789165   61.464759       
-0.067309282   -0.1406704   23866.504   2948308   65.18977       
-0.078933584   -0.14557816   25230.304   3108033   68.914804       
-0.089972143   -0.1510169   26594.096   3268461   72.639819       
-0.10100361   -0.1565616   27957.894   3429359   76.364849       
-0.11235114   -0.16197416   29321.689   3590525   80.089868       
-0.12424847   -0.1670804   30685.48   3751962   83.814874       
-0.13686886   -0.17174864   32049.28   3913402   87.539904       
-0.15008904   -0.1760644   33413.084   4074441   91.26494       
-0.16375445   -0.18013584   34776.884   4235547   94.989967       
-0.17764707   -0.18411695   36140.683   4396042   98.714989       
-0.19122254   -0.18840076   37504.483   4555669   102.44001       
-0.20409979   -0.19325741   38868.285   4714656   106.16505       
-0.21594141   -0.19891932   40232.08   4873501   109.89007       
-0.22628431   -0.20570426   41595.868   5033186   113.61508       
-0.23485621   -0.21377318   42959.656   5194123   117.34009       
-0.24156145   -0.22313243   44323.442   5355347   121.06512       
-0.24652325   -0.23358959   45687.212   5516187   124.79013       
-0.25015401   -0.24468214   47050.986   5676177   128.51516       
-0.25318609   -0.25562586   48414.752   5835630   132.24018       
-0.2567713   -0.2652024   49778.508   5995412   135.96519       
-0.26175728   -0.27223341   51142.254   6158448   139.69019       
-0.26925721   -0.27504824   52505.99   6327749   143.4152       
-0.28072141   -0.27112254   53869.698   6509512   147.14023


#Format: First Line - Bins in r, Bins in z, minR, maxR, minZ, maxZ
#Each Following Line: x-deviation [cm], y-deviation, total Runge-Kutta-Time [ns],
#number of Runge-Kutta steps, real total RK-drift path [cm]
#This File was created by class TpcInhFieldDrifter
