20   42   15.5   41.5   -39.5   109.5       
0.016108248   -0.011463052   649.69691   139632   1.7739348       
0.049197188   -0.024727295   1948.8728   297475   5.3217347       
0.080753717   -0.029163266   3247.9403   453921   8.8695003       
0.10942939   -0.027472393   4546.9574   610603   12.417227       
0.13508297   -0.021162136   5845.9451   767306   15.96494       
0.15780491   -0.011183112   7144.9143   923704   19.512656       
0.17765914   0.0019038022   8443.8605   1080214   23.060357       
0.19501197   0.017517839   9742.7868   1234566   26.608046       
0.21047244   0.035012995   11041.706   1388137   30.155747       
0.22431961   0.054065132   12340.613   1541839   33.703441       
0.23703971   0.074233024   13639.512   1695666   37.251135       
0.24896242   0.095217854   14938.416   1849604   40.798856       
0.26021833   0.11689834   16237.303   2003538   44.34654       
0.27104508   0.13908758   17536.198   2157563   47.894254       
0.28170795   0.16157292   18835.086   2311487   51.44195       
0.29237873   0.18422883   20133.984   2465387   54.989673       
0.30319158   0.20696782   21432.875   2619011   58.537372       
0.3142672   0.22968691   22731.772   2772645   62.085083       
0.32558122   0.2523869   24030.67   2926340   65.632796       
0.33706636   0.2751122   25329.571   3079824   69.180511       
0.3487778   0.29780907   26628.465   3233368   72.728203       
0.3606602   0.32051968   27927.373   3386863   76.275932       
0.37268355   0.34325886   29226.27   3540154   79.823628       
0.38478484   0.36607187   30525.179   3693555   83.371357       
0.39696472   0.38894992   31824.081   3846698   86.919063       
0.40923838   0.41187294   33122.987   3999970   90.466777       
0.42156416   0.43486876   34421.892   4153173   94.014488       
0.43400482   0.4578707   35720.799   4306400   97.562203       
0.44655311   0.48086288   37019.711   4459449   101.10993       
0.45920837   0.5038331   38318.615   4612526   104.65763       
0.47195698   0.52676699   39617.529   4765504   108.20537       
0.48472223   0.54969504   40916.437   4918401   111.75308       
0.49744984   0.57261393   42215.339   5071328   115.30079       
0.51005851   0.59551836   43514.244   5223832   118.8485       
0.52241349   0.61841927   44813.147   5376367   122.39623       
0.5342725   0.64138059   46112.038   5528546   125.94394       
0.54516395   0.66457987   47410.912   5680104   129.49164       
0.55477531   0.68789491   48709.768   5831218   133.03935       
0.56251229   0.71122658   50008.591   5983356   136.58706       
0.56751745   0.73430607   51307.361   6137101   140.13475       
0.56861142   0.75629609   52606.047   6291670   143.68243       
0.56355766   0.77484751   53904.546   6450838   147.23011       
0.017213362   -0.012446228   651.36645   142943   1.7739462       
0.050507134   -0.029724776   1952.3919   297018   5.3217766       
0.08124013   -0.038770782   3252.3577   450711   8.8695299       
0.10842483   -0.041645848   4551.894   605082   12.417254       
0.13215213   -0.039824001   5851.1937   760575   15.964952       
0.1525207   -0.034165603   7150.3525   916480   19.512641       
0.16972587   -0.025276772   8449.4185   1072540   23.06032       
0.18428634   -0.013822577   9748.4199   1227559   26.607983       
0.19676022   -0.00039212194   11047.385   1381684   30.155654       
0.20741959   0.014709601   12346.316   1535562   33.703306       
0.21686901   0.030960093   13645.242   1689387   37.250994       
0.22543565   0.048071532   14944.146   1843394   40.79865       
0.23332121   0.065867774   16243.048   1997481   44.34632       
0.24082367   0.084111505   17541.95   2151399   47.893998       
0.24820724   0.10259031   18840.855   2305268   51.441683       
0.25562753   0.12118695   20139.754   2458997   54.989344       
0.26320357   0.13981862   21438.661   2612640   58.537019       
0.27104658   0.15839575   22737.568   2766176   62.084692       
0.27915942   0.17690574   24036.478   2919686   65.632372       
0.28747444   0.19539758   25335.392   3073175   69.180063       
0.29602559   0.21383753   26634.296   3226680   72.727731       
0.30477302   0.23225247   27933.202   3380129   76.275401       
0.31367437   0.25066957   29232.112   3533512   79.823082       
0.32265662   0.26914175   30531.019   3686857   83.370759       
0.33172135   0.28765985   31829.932   3840136   86.918452       
0.34088305   0.30620423   33128.833   3993308   90.466116       
0.35010125   0.32480274   34427.742   4146524   94.013802       
0.35943954   0.34339113   35726.647   4299561   97.561483       
0.36889782   0.36195378   37025.554   4452641   101.10917       
0.37849543   0.38046022   38324.455   4605694   104.65686       
0.3882033   0.39891415   39623.347   4758649   108.20453       
0.39798186   0.41731734   40922.231   4911597   111.7522       
0.40776337   0.43568377   42221.104   5064417   115.29988       
0.41744205   0.45403627   43519.964   5217054   118.84757       
0.42688584   0.4723896   44818.789   5369557   122.39525       
0.43586248   0.49080432   46117.573   5521671   125.94293       
0.44391613   0.50945788   47416.278   5673407   129.4906       
0.45067845   0.5283127   48714.878   5824841   133.03829       
0.45556435   0.5473113   50013.292   5977555   136.58596       
0.45772449   0.56626387   51311.398   6132509   140.13361       
0.45598957   0.58453231   52608.949   6289788   143.68128       
0.44846667   0.60048997   53905.156   6450781   147.22894       
0.018350721   -0.01338296   652.22174   146450   1.773966       
0.052456332   -0.033851116   1954.5974   298210   5.3218134       
0.082908971   -0.04676724   3255.3531   449984   8.8695807       
0.10908686   -0.053541371   4555.3553   602249   12.417297       
0.13134453   -0.055570718   5854.9437   755922   15.964988       
0.14980131   -0.053609295   7154.2824   910765   19.51267       
0.1647891   -0.048300574   8453.4562   1066366   23.060324       
0.17698213   -0.04039004   9752.5259   1222096   26.607963       
0.18688893   -0.030407578   11051.538   1377642   30.155621       
0.19477306   -0.018638631   12350.504   1532132   33.703267       
0.20135676   -0.0056863383   13649.446   1686080   37.250923       
0.20696582   0.0081704893   14948.364   1840183   40.798559       
0.21187352   0.022704377   16247.284   1994273   44.346224       
0.21644031   0.037629118   17546.196   2148319   47.893877       
0.22092946   0.052732852   18845.108   2302032   51.44153       
0.22548207   0.067906291   20144.025   2455758   54.989187       
0.23020229   0.083074172   21442.946   2609318   58.536843       
0.23519102   0.098158008   22741.862   2762717   62.084483       
0.24047665   0.11312997   24040.781   2916159   65.632134       
0.24599018   0.12804228   25339.706   3069550   69.179803       
0.25174466   0.1428818   26638.622   3222913   72.727452       
0.25771714   0.15766017   27937.539   3376131   76.275108       
0.26385038   0.17241553   29236.455   3529474   79.822763       
0.27006296   0.1872095   30535.365   3682747   83.370407       
0.27635793   0.20203453   31834.282   3835975   86.918076       
0.28275026   0.21687171   33133.189   3989107   90.46572       
0.28919987   0.23174927   34432.1   4142164   94.013383       
0.29577149   0.24660512   35731.005   4295281   97.561038       
0.30247066   0.2614228   37029.905   4448203   101.10869       
0.30933767   0.27615323   38328.805   4601141   104.65636       
0.31632837   0.29081827   39627.684   4754103   108.204       
0.32344096   0.30539346   40926.554   4907026   111.75166       
0.33059387   0.31990966   42225.402   5059756   115.29932       
0.3376575   0.33441758   43524.217   5212368   118.84697       
0.34450344   0.34893571   44822.983   5364822   122.39463       
0.3509099   0.36352363   46121.668   5517101   125.94228       
0.35643725   0.37835909   47420.233   5668996   129.48995       
0.36066147   0.39348796   48718.593   5821021   133.03759       
0.3630115   0.40889632   50016.652   5974404   136.58525       
0.36265946   0.42448704   51314.186   6130880   140.13291       
0.35848734   0.43986782   52610.766   6290559   143.68056       
0.34898463   0.45414532   53905.323   6453509   147.22821       
0.019506291   -0.014288617   652.70572   150148   1.7739892       
0.054842725   -0.037357275   1955.9818   300478   5.3218577       
0.085483976   -0.053453212   3257.352   450951   8.8696515       
0.1111012   -0.063465635   4557.7319   601785   12.417368       
0.1323173   -0.068700145   5857.56   753925   15.965066       
0.14927914   -0.069800914   7157.0395   907035   19.51271       
0.16246046   -0.067451004   8456.3164   1061917   23.060364       
0.17268731   -0.062468621   9755.4587   1217336   26.60801       
0.18041941   -0.055322416   11054.509   1373640   30.155638       
0.18592156   -0.046283106   12353.509   1528746   33.70328       
0.19003163   -0.03602798   13652.469   1682913   37.250908       
0.19307462   -0.024827485   14951.414   1837207   40.798558       
0.19539265   -0.012957645   16250.344   1991481   44.346197       
0.19740852   -0.00075131176   17549.263   2145445   47.893821       
0.19938697   0.011580768   18848.195   2299159   51.441479       
0.20145427   0.023939231   20147.118   2452722   54.9891       
0.2037015   0.036256775   21446.056   2606188   58.536749       
0.20621794   0.048464064   22744.991   2759456   62.084388       
0.20905569   0.060518897   24043.925   2912763   65.632024       
0.21214452   0.072476094   25342.865   3065989   69.179682       
0.21547645   0.084341251   26641.795   3219296   72.72732       
0.21904466   0.096112314   27940.723   3372490   76.274956       
0.22277777   0.10783839   29239.648   3525686   79.82259       
0.22658611   0.11958698   30538.577   3678854   83.370239       
0.23047233   0.13135252   31837.501   3832083   86.917884       
0.23445239   0.14311885   33136.415   3985246   90.465509       
0.23848721   0.15491352   34435.333   4138262   94.013155       
0.24264286   0.16667641   35734.247   4291301   97.560799       
0.24692986   0.17838839   37033.155   4444221   101.10845       
0.25140759   0.1899833   38332.047   4597093   104.65608       
0.25601813   0.20149725   39630.929   4749948   108.20371       
0.26079426   0.21288195   40929.794   4902723   111.75136       
0.2656414   0.22418127   42228.627   5055519   115.299       
0.27040757   0.235471   43527.413   5208169   118.84664       
0.2749694   0.24677613   44826.134   5360770   122.39429       
0.27911808   0.25815907   46124.739   5513089   125.94191       
0.28243179   0.26980535   47423.18   5665314   129.48955       
0.28444068   0.28184383   48721.36   5818031   133.0372       
0.28459475   0.29431833   50019.111   5972605   136.58484       
0.28210289   0.3072417   51316.167   6130661   140.13249       
0.27592336   0.32048271   52611.991   6291934   143.68014       
0.26485464   0.33374376   53905.443   6456107   147.2278       
0.020637788   -0.015151027   652.97428   153861   1.7740167       
0.057273302   -0.040413601   1956.8281   303235   5.3218944       
0.08802149   -0.05899798   3258.6618   452748   8.8697025       
0.11315652   -0.071683206   4559.356   602823   12.417435       
0.13336739   -0.079547511   5859.3839   753826   15.965125       
0.14890552   -0.083175059   7159.0045   905421   19.512791       
0.16042427   -0.083307768   8458.3626   1059044   23.060425       
0.16876414   -0.080730656   9757.5566   1214054   26.608049       
0.17432189   -0.07583836   11056.645   1370363   30.155668       
0.17753197   -0.069012429   12355.676   1526002   33.703314       
0.17927738   -0.060951136   13654.654   1680698   37.250929       
0.17993923   -0.051962091   14953.613   1835481   40.798565       
0.1798937   -0.042342813   16252.554   1989983   44.346192       
0.17957092   -0.032427778   17551.489   2143936   47.893818       
0.17925507   -0.022441204   18850.428   2297532   51.441458       
0.17906927   -0.012482374   20149.373   2450985   54.9891       
0.17908481   -0.0026073057   21448.317   2604208   58.536729       
0.17939171   0.0071141602   22747.261   2757240   62.084354       
0.18004383   0.016641179   24046.211   2910354   65.63199       
0.18097127   0.026029995   25345.154   3063454   69.179613       
0.18216418   0.03528726   26644.098   3216561   72.72725       
0.1835926   0.04443022   27943.041   3369648   76.274888       
0.18517927   0.053514403   29241.977   3522815   79.822515       
0.18685355   0.062591847   30540.914   3675975   83.370155       
0.18860126   0.071670525   31839.842   3829055   86.917777       
0.19041599   0.08075339   33138.769   3982141   90.465406       
0.19227913   0.089852181   34437.69   4135148   94.013029       
0.19426382   0.098903037   35736.61   4288069   97.560667       
0.19640197   0.10787168   37035.521   4440879   101.1083       
0.19873628   0.11671106   38334.416   4593663   104.65592       
0.20122595   0.1254426   39633.305   4746516   108.20357       
0.20389072   0.1340327   40932.157   4899190   111.75119       
0.20666635   0.14250738   42230.981   5051888   115.29883       
0.20941796   0.15093626   43529.741   5204560   118.84645       
0.21201073   0.15936675   44828.421   5357193   122.39408       
0.21422854   0.16788418   46126.969   5509692   125.94171       
0.21562065   0.17672413   47425.315   5662331   129.48935       
0.21575424   0.18603274   48723.329   5815997   133.03697       
0.21407066   0.19594837   50020.84   5971981   136.5846       
0.20977073   0.20664794   51317.518   6130785   140.13225       
0.20195433   0.21820403   52612.774   6292778   143.67988       
0.18969157   0.2307527   53905.524   6457454   147.22755       
0.021774285   -0.016002352   653.09341   157837   1.7740358       
0.059858261   -0.043251827   1957.2998   307590   5.321965       
0.090951903   -0.063998702   3259.455   456787   8.869783       
0.11585975   -0.079008404   4560.3786   606289   12.417514       
0.1353208   -0.089153215   5860.5577   756483   15.965197       
0.14968749   -0.094960285   7160.28   906999   19.51286       
0.15979345   -0.097230364   8459.7081   1059307   23.060499       
0.16649322   -0.096713975   9758.9424   1213308   26.608108       
0.17012141   -0.093731784   11058.066   1369634   30.155736       
0.17128202   -0.088775338   12357.111   1526238   33.703353       
0.17090392   -0.082563868   13656.112   1681918   37.250984       
0.16942369   -0.075440557   14955.084   1837233   40.798615       
0.16725218   -0.067724854   16254.04   1991901   44.346245       
0.16482735   -0.059753484   17552.981   2145827   47.893859       
0.16245465   -0.05176446   18851.932   2299220   51.4415       
0.16025358   -0.043854725   20150.882   2452514   54.98913       
0.15827712   -0.03606864   21449.832   2605539   58.536746       
0.15661479   -0.02847675   22748.79   2758284   62.084377       
0.15532062   -0.021118749   24047.749   2911130   65.63201       
0.15432528   -0.013938116   25346.706   3063934   69.179641       
0.15361647   -0.0069267502   26645.658   3216821   72.727266       
0.15314194   -4.7965988e-05   27944.605   3369769   76.274889       
0.15281856   0.0067598086   29243.545   3522845   79.822501       
0.15259542   0.013533806   30542.494   3675926   83.370144       
0.15244155   0.020296213   31841.425   3828962   86.917753       
0.15232767   0.02706795   33140.366   3982081   90.465396       
0.15225567   0.03384525   34439.293   4135055   94.013015       
0.15230482   0.040559772   35738.218   4287788   97.560648       
0.15252888   0.047162779   37037.127   4440552   101.10826       
0.15295341   0.053625149   38336.024   4593144   104.65588       
0.1535549   0.059954489   39634.909   4745828   108.20351       
0.15434127   0.066131042   40933.756   4898410   111.75113       
0.15527744   0.072163923   42232.572   5051083   115.29877       
0.15624625   0.078116909   43531.316   5203715   118.84638       
0.15710165   0.084060278   44829.965   5356499   122.39401       
0.15762134   0.09010397   46128.464   5509343   125.94164       
0.15732717   0.096534781   47426.722   5662643   129.48925       
0.15582522   0.10351636   48724.618   5817367   133.03688       
0.1525467   0.11128189   50021.936   5974410   136.58451       
0.14668442   0.12016692   51318.328   6134111   140.13215       
0.13746597   0.13042443   52613.195   6296447   143.67979       
0.12415642   0.14251095   53905.531   6461288   147.22746       
0.022913989   -0.01684485   653.07873   161665   1.7740424       
0.062560737   -0.045918592   1957.4079   311923   5.3220016       
0.09420612   -0.068533106   3259.7448   461301   8.8698492       
0.11912012   -0.085528141   4560.8156   610495   12.417592       
0.13807118   -0.097605709   5861.1   759946   15.96528       
0.15150718   -0.10524631   7160.8938   909679   19.512944       
0.16044033   -0.10931096   8460.3652   1061195   23.060568       
0.16573943   -0.1105163   9759.6364   1213393   26.608185       
0.16767692   -0.10910921   11058.788   1369834   30.155823       
0.16702673   -0.1056893   12357.85   1528437   33.703442       
0.16476274   -0.10099556   13656.858   1684750   37.251055       
0.16137865   -0.095406932   14955.84   1840220   40.798685       
0.15731863   -0.089263751   16254.805   1994922   44.346316       
0.15302785   -0.08290431   17553.755   2148762   47.89393       
0.14883215   -0.076579299   18852.708   2301990   51.441559       
0.14484931   -0.070383077   20151.661   2455116   54.98918       
0.14111533   -0.064348584   21450.62   2608020   58.536805       
0.13771991   -0.058546043   22749.585   2760559   62.084437       
0.13471733   -0.053014113   24048.551   2913231   65.632066       
0.13203732   -0.047696796   25347.511   3065881   69.179687       
0.12966618   -0.042585069   26646.474   3218533   72.727322       
0.1275291   -0.037621414   27945.428   3371526   76.274942       
0.12553689   -0.032738667   29244.379   3524509   79.822566       
0.12365659   -0.027913992   30543.32   3677420   83.370174       
0.12184201   -0.023112972   31842.264   3830536   86.917801       
0.12003956   -0.018295255   33141.205   3983495   90.46543       
0.11827197   -0.013482064   34440.14   4136423   94.013055       
0.11662474   -0.0087441442   35739.06   4288995   97.560662       
0.11517528   -0.0041447738   37037.98   4441637   101.1083       
0.1139301   0.00030564101   38336.878   4594092   104.65591       
0.11288483   0.0046012118   39635.755   4746660   108.20353       
0.11203571   0.0087352527   40934.606   4899053   111.75115       
0.11137512   0.01269976   42233.41   5051454   115.29878       
0.11080371   0.016551277   43532.146   5204184   118.8464       
0.11016307   0.020382353   44830.772   5357008   122.39402       
0.10922462   0.024326646   46129.229   5510328   125.94164       
0.10748203   0.028718303   47427.436   5664282   129.48927       
0.10457721   0.033737417   48725.24   5819625   133.03688       
0.099927998   0.039703641   50022.429   5977644   136.58451       
0.092708747   0.047095785   51318.637   6138234   140.13214       
0.082247814   0.056308067   52613.287   6300184   143.6798       
0.067929397   0.06801028   53905.47   6464949   147.22747       
0.023868044   -0.01753881   652.99893   164826   1.7740784       
0.06480472   -0.048024216   1957.3034   315387   5.322047       
0.096997063   -0.072141438   3259.7099   465022   8.8698971       
0.12187543   -0.090675106   4560.8687   614210   12.41767       
0.14030923   -0.10424555   5861.2102   763306   15.965345       
0.15282741   -0.11328615   7161.0484   912663   19.513008       
0.160508   -0.11863783   8460.5519   1063734   23.060635       
0.16431546   -0.12104415   9759.8455   1214846   26.608254       
0.16465597   -0.12082363   11059.009   1372309   30.155884       
0.16237293   -0.11860972   12358.083   1532094   33.703505       
0.15840854   -0.11510621   13657.101   1688684   37.251121       
0.15330486   -0.11072062   14956.087   1844283   40.798745       
0.14751964   -0.10579742   16255.053   1999038   44.346367       
0.14154193   -0.1007054   17554.019   2152722   47.894013       
0.13569647   -0.09569353   18852.969   2305775   51.441625       
0.13012051   -0.090869733   20151.929   2458634   54.989256       
0.12486993   -0.086280856   21450.889   2611319   58.536878       
0.12000626   -0.08197603   22749.857   2763754   62.084509       
0.11556059   -0.077978536   24048.825   2916173   65.632138       
0.11145756   -0.074229145   25347.785   3068744   69.179746       
0.10765919   -0.070698268   26646.747   3221385   72.72737       
0.10406484   -0.067308243   27945.712   3374248   76.275011       
0.10061984   -0.064017858   29244.663   3527126   79.822623       
0.097275842   -0.060791321   30543.61   3680064   83.370237       
0.093989377   -0.057595918   31842.56   3833053   86.917873       
0.090728138   -0.054408103   33141.501   3986043   90.465494       
0.087495942   -0.051234212   34440.437   4138947   94.013118       
0.084379144   -0.048143062   35739.363   4291533   97.560736       
0.081456291   -0.045196411   37038.279   4444066   101.10835       
0.07873662   -0.042403987   38337.176   4596419   104.65597       
0.07624105   -0.039788702   39636.061   4748734   108.2036       
0.073993326   -0.037375931   40934.903   4901025   111.75121       
0.071999806   -0.03517969   42233.705   5053216   115.29884       
0.070165245   -0.033138315   43532.429   5205806   118.84646       
0.068316859   -0.031134402   44831.038   5358719   122.39408       
0.066209983   -0.02900107   46129.471   5512217   125.94169       
0.063390387   -0.026416158   47427.645   5666411   129.48932       
0.059495302   -0.023145442   48725.397   5822147   133.03695       
0.053908964   -0.018763117   50022.505   5980717   136.58457       
0.045890645   -0.012733282   51318.609   6141750   140.13219       
0.034829582   -0.0045244857   52613.165   6304282   143.67984       
0.020099602   0.0067490358   53905.368   6469633   147.2275       
0.024817747   -0.018222331   652.86501   167877   1.7740985       
0.067106818   -0.050023541   1957.0472   318599   5.322105       
0.099972939   -0.07547505   3259.4357   468487   8.8699671       
0.12496321   -0.095337149   4560.6012   617852   12.417722       
0.14304197   -0.11017591   5860.9717   766847   15.965425       
0.15480934   -0.1203846   7160.8275   915930   19.513091       
0.16140106   -0.12678529   8460.3427   1066878   23.060715       
0.16387926   -0.13015299   9759.6489   1218282   26.608343       
0.16278945   -0.13088216   11058.811   1377337   30.15595       
0.15904048   -0.1296376   12357.896   1536928   33.703584       
0.15354159   -0.12708671   13656.922   1693539   37.251212       
0.14688272   -0.1236646   14955.913   1849080   40.798837       
0.13953419   -0.11971885   16254.879   2003744   44.34645       
0.13203165   -0.11564943   17553.841   2157306   47.894081       
0.12470085   -0.11170421   18852.801   2310336   51.441714       
0.11769678   -0.10800445   20151.756   2462948   54.989332       
0.11109789   -0.1046135   21450.72   2615442   58.536962       
0.10493602   -0.10155828   22749.689   2767809   62.084597       
0.099218537   -0.098845673   24048.651   2920140   65.632208       
0.093866068   -0.096414044   25347.622   3072648   69.179844       
0.08881338   -0.094211533   26646.582   3225398   72.727458       
0.083933231   -0.09214082   27945.541   3378252   76.275079       
0.079208545   -0.090188557   29244.497   3531112   79.822702       
0.074573226   -0.088304218   30543.454   3684125   83.370342       
0.069986318   -0.086456546   31842.394   3837079   86.917944       
0.065440556   -0.08464119   33141.338   3990080   90.465572       
0.060919064   -0.082847138   34440.277   4142891   94.013205       
0.056508367   -0.081141531   35739.203   4295554   97.560823       
0.052287711   -0.079585452   37038.121   4448046   101.10845       
0.04826835   -0.078189265   38337.018   4600458   104.65606       
0.044497125   -0.076991341   39635.896   4752710   108.20368       
0.04102923   -0.076037818   40934.741   4904873   111.7513       
0.037882951   -0.075346992   42233.538   5056981   115.29893       
0.034967058   -0.074852158   43532.255   5209440   118.84655       
0.032093458   -0.074411059   44830.853   5362359   122.39415       
0.029000162   -0.073824194   46129.278   5515708   125.94178       
0.025286773   -0.072783329   47427.432   5669760   129.48941       
0.020583282   -0.071000356   48725.157   5825481   133.03703       
0.014236744   -0.067947807   50022.239   5984221   136.58466       
0.0055880299   -0.063045456   51318.317   6145314   140.13229       
-0.0059297314   -0.05564969   52612.887   6308416   143.67994       
-0.020990845   -0.044707886   53905.241   6474798   147.22759       
0.025767784   -0.018901091   652.68584   170885   1.774099       
0.069450735   -0.051956367   1956.6487   321704   5.3221439       
0.10308224   -0.078614882   3258.9404   471695   8.8700431       
0.12830463   -0.099640922   4560.0592   621211   12.417809       
0.14616228   -0.11556452   5860.4084   770217   15.965517       
0.15731992   -0.12674806   7160.2419   919037   19.513154       
0.16296907   -0.13399891   8459.757   1070166   23.060794       
0.164267   -0.13812423   9759.0595   1222931   26.60842       
0.16189831   -0.13959661   11058.223   1383093   30.156036       
0.15683498   -0.13911161   12357.303   1542144   33.703663       
0.1499531   -0.13730246   13656.326   1698651   37.251283       
0.14189121   -0.13463317   14955.318   1854127   40.798915       
0.1331309   -0.13145503   16254.286   2008585   44.346537       
0.12425408   -0.12819837   17553.246   2162115   47.894165       
0.11558781   -0.1251094   18852.204   2315151   51.441796       
0.10730721   -0.12232241   20151.163   2467576   54.98943       
0.099512181   -0.11991608   21450.125   2619976   58.537062       
0.092204995   -0.1178952   22749.085   2772129   62.08468       
0.085371019   -0.11625079   24048.055   2924464   65.632316       
0.078924669   -0.11491746   25347.021   3077176   69.179942       
0.072774684   -0.11382366   26645.985   3229941   72.727571       
0.0667663   -0.11285113   27944.938   3382847   76.275178       
0.060919858   -0.1120152   29243.899   3535725   79.822819       
0.055149973   -0.11125071   30542.845   3688933   83.370429       
0.049420708   -0.11052958   31841.79   3841778   86.918049       
0.04374784   -0.10986416   33140.732   3994685   90.465674       
0.038094399   -0.10922723   34439.67   4147665   94.013306       
0.032547588   -0.10868417   35738.599   4300467   97.560934       
0.027186947   -0.10829492   37037.517   4452854   101.10856       
0.022026077   -0.10807026   38336.412   4605457   104.65617       
0.017137819   -0.10806444   39635.29   4757717   108.20379       
0.012608621   -0.10834315   40934.133   4909934   111.75141       
0.0084697894   -0.1089289   42232.926   5062145   115.29903       
0.0046337404   -0.10975079   43531.649   5214589   118.84666       
0.00089562952   -0.11064289   44830.25   5367325   122.39428       
-0.0030250122   -0.11137394   46128.674   5520444   125.9419       
-0.0074750633   -0.11165081   47426.828   5673886   129.48953       
-0.01283514   -0.11113559   48724.56   5829152   133.03714       
-0.019801492   -0.10920749   50021.661   5987875   136.58477       
-0.028960465   -0.10525471   51317.794   6149224   140.1324       
-0.040853867   -0.098544998   52612.488   6312798   143.68005       
-0.056229965   -0.087894392   53905.111   6480193   147.22771       
0.026714346   -0.019568626   652.49102   173799   1.7741288       
0.071686911   -0.053754089   1956.165   324289   5.3222005       
0.10595866   -0.081425755   3258.2843   474279   8.8700984       
0.13125293   -0.10335471   4559.3072   623993   12.417868       
0.14866114   -0.12002671   5859.6021   773000   15.965582       
0.15895804   -0.13181942   7159.4073   922007   19.513233       
0.16342117   -0.13955172   8458.9012   1073028   23.060871       
0.1632704   -0.14404046   9758.1842   1228339   26.608481       
0.15931005   -0.14582327   11057.34   1389363   30.1561       
0.1526601   -0.14568868   12356.416   1548192   33.703734       
0.14418512   -0.14425124   13655.437   1704444   37.251367       
0.1345552   -0.14199185   14954.418   1859703   40.798981       
0.12431999   -0.13930876   16253.391   2014127   44.346628       
0.11402361   -0.13660147   17552.35   2167466   47.894262       
0.10403726   -0.13414664   18851.305   2320195   51.441898       
0.094540836   -0.13208158   20150.254   2472614   54.989516       
0.085614061   -0.13046985   21449.217   2624764   58.537167       
0.077282809   -0.12933464   22748.17   2776843   62.084778       
0.069499707   -0.12864202   24047.135   2929227   65.632416       
0.062137518   -0.12829626   25346.097   3081787   69.180047       
0.055116623   -0.12823558   26645.053   3234634   72.727664       
0.048261692   -0.1283264   27944.008   3387495   76.275289       
0.041551338   -0.12855182   29242.959   3540559   79.822911       
0.034865597   -0.12881975   30541.907   3693676   83.370538       
0.028156663   -0.12909308   31840.851   3846676   86.918164       
0.02146374   -0.12940159   33139.789   3999820   90.46579       
0.01477805   -0.12973808   34438.724   4152704   94.013421       
0.0081718433   -0.13015598   35737.645   4305472   97.561038       
0.0017485842   -0.13073236   37036.564   4458059   101.10867       
-0.0044519531   -0.13149596   38335.458   4610597   104.65628       
-0.010328595   -0.1325205   39634.334   4762883   108.20391       
-0.015783377   -0.13387609   40933.178   4915166   111.75153       
-0.020781507   -0.13558286   42231.972   5067247   115.29916       
-0.025368323   -0.13759453   43530.695   5219551   118.84678       
-0.029726313   -0.13975106   44829.299   5372321   122.3944       
-0.034185675   -0.14176554   46127.734   5525089   125.94202       
-0.039071348   -0.14333452   47425.905   5678125   129.48964       
-0.044732981   -0.14410394   48723.675   5832829   133.03726       
-0.051907898   -0.14336232   50020.839   5990853   136.5849       
-0.061175529   -0.1404229   51317.076   6152058   140.13252       
-0.07309833   -0.13444723   52611.966   6316225   143.68017       
-0.088483288   -0.12414707   53904.937   6484616   147.22784       
0.027659628   -0.02023164   652.26546   176677   1.7741562       
0.07391911   -0.055516541   1955.5914   327176   5.3222584       
0.10885048   -0.08413937   3257.4831   477127   8.8701601       
0.13425143   -0.10688144   4558.371   626882   12.417951       
0.15124815   -0.12418944   5858.5726   776144   15.965652       
0.16072437   -0.13646678   7158.3193   925309   19.513295       
0.16404261   -0.14454955   8457.779   1076763   23.060936       
0.16247739   -0.14926245   9757.043   1234654   26.608557       
0.15694581   -0.1512061   11056.182   1396266   30.156172       
0.14872627   -0.15127049   12355.246   1554875   33.703804       
0.13867523   -0.15005476   13654.263   1711074   37.251444       
0.1274953   -0.14805382   14953.248   1866182   40.799086       
0.11581146   -0.14571798   16252.212   2020402   44.346721       
0.10412304   -0.14341184   17551.166   2173627   47.894357       
0.092851569   -0.14144697   18850.116   2325953   51.441993       
0.082181952   -0.13996364   20149.064   2478224   54.989626       
0.072167067   -0.1390055   21448.014   2630217   58.537254       
0.062866582   -0.13862075   22746.967   2782231   62.084886       
0.054196857   -0.13874929   24045.922   2934636   65.632513       
0.045985032   -0.13926187   25344.879   3087090   69.180147       
0.038167755   -0.14011098   26643.832   3239959   72.727773       
0.030548626   -0.14114727   27942.781   3392970   76.275395       
0.023056294   -0.14231471   29241.729   3546003   79.823026       
0.015531656   -0.1434914   30540.673   3699336   83.370656       
0.0079133038   -0.14462986   31839.607   3852487   86.91827       
0.00026428197   -0.14577695   33138.544   4005500   90.465904       
-0.0073907498   -0.14695008   34437.476   4158499   94.013544       
-0.014996603   -0.14818987   35736.39   4311359   97.561152       
-0.022423113   -0.14959301   37035.301   4463994   101.10878       
-0.02959946   -0.15120819   38334.202   4616504   104.65642       
-0.036396374   -0.15312856   39633.079   4768648   108.20405       
-0.042707295   -0.15542779   40931.916   4920725   111.75166       
-0.048493333   -0.1581235   42230.718   5072893   115.2993       
-0.053753387   -0.16119742   43529.444   5225031   118.84692       
-0.058643039   -0.16449989   44828.062   5377524   122.39454       
-0.063548566   -0.16768565   46126.512   5530183   125.94215       
-0.068778971   -0.1704393   47424.72   5683053   129.48978       
-0.074651833   -0.17239588   48722.55   5837166   133.03741       
-0.081951198   -0.17275796   50019.807   5994712   136.58504       
-0.091262794   -0.17076615   51316.205   6155878   140.13267       
-0.10318226   -0.16548191   52611.353   6320276   143.68031       
-0.11857389   -0.15552492   53904.741   6489329   147.22798       
0.028604344   -0.020890567   652.00936   179532   1.774173       
0.076167064   -0.057246697   1954.9286   329913   5.3223022       
0.11179644   -0.08676578   3256.5448   479849   8.8702207       
0.13736096   -0.11024144   4557.2474   629575   12.418007       
0.15401859   -0.12808803   5857.3356   778845   15.965721       
0.16275591   -0.14073989   7157.0055   927967   19.513363       
0.1650174   -0.1490539   8456.4121   1080158   23.060995       
0.16213114   -0.15386525   9755.6473   1240265   26.608629       
0.15512572   -0.15583846   11054.766   1402137   30.156252       
0.14543653   -0.15596545   12353.813   1560708   33.70388       
0.13391217   -0.15483082   13652.819   1716815   37.251528       
0.12128337   -0.15294801   14951.795   1871864   40.799173       
0.10825153   -0.15082036   16250.748   2025911   44.346803       
0.095271341   -0.14877676   17549.698   2179102   47.894448       
0.08281418   -0.1471636   18848.639   2331067   51.442079       
0.071070893   -0.14612394   20147.589   2483176   54.989737       
0.060067679   -0.14568122   21446.528   2635019   58.53736       
0.049897622   -0.14590786   22745.474   2786859   62.084992       
0.040442318   -0.14671799   24044.422   2939181   65.632625       
0.031481804   -0.14794879   25343.37   3091750   69.180254       
0.022970314   -0.14956603   26642.317   3244490   72.727886       
0.014689909   -0.15140494   27941.258   3397539   76.275508       
0.0065182659   -0.15337133   29240.199   3550598   79.823138       
-0.0017425757   -0.15531429   30539.137   3703944   83.370769       
-0.010167371   -0.15717598   31838.074   3857174   86.918405       
-0.018670176   -0.15901928   33137.002   4010230   90.466032       
-0.027192212   -0.16088661   34435.921   4163352   94.013651       
-0.035693492   -0.16280625   35734.842   4316125   97.561292       
-0.044018338   -0.16489244   37033.747   4468922   101.10891       
-0.052065922   -0.16721585   38332.641   4621247   104.65654       
-0.05967717   -0.16988961   39631.515   4773399   108.20417       
-0.066736493   -0.17299008   40930.361   4925407   111.7518       
-0.073203144   -0.17653123   42229.162   5077511   115.29943       
-0.079028116   -0.18052441   43527.901   5229411   118.84706       
-0.084342049   -0.18482986   44826.537   5381871   122.39468       
-0.089588357   -0.18904693   46125.024   5534389   125.94231       
-0.095064023   -0.19284994   47423.277   5686956   129.48992       
-0.10105593   -0.19586765   48721.192   5840980   133.03756       
-0.10840121   -0.19722396   50018.576   5997822   136.58517       
-0.11769976   -0.1960963   51315.191   6158606   140.13281       
-0.1295902   -0.19145522   52610.669   6323570   143.68046       
-0.14500418   -0.18183091   53904.54   6493458   147.22812       
0.029414123   -0.021440667   651.7363   181989   1.7741996       
0.078186434   -0.058774239   1954.1993   332247   5.3223382       
0.11424049   -0.088944287   3255.5047   481945   8.8702793       
0.13969061   -0.11287764   4555.9997   631389   12.41808       
0.15564788   -0.13090862   5855.9408   780462   15.965772       
0.1633723   -0.14362576   7155.5214   929973   19.513417       
0.16442353   -0.15193837   8454.8728   1083391   23.061064       
0.16009395   -0.15663332   9754.0586   1245451   26.608674       
0.15153454   -0.15844679   11053.158   1407660   30.156321       
0.14029059   -0.15843933   12352.18   1566238   33.703937       
0.12724631   -0.15721409   13651.172   1722252   37.25159       
0.11321621   -0.15534144   14950.137   1877102   40.79924       
0.098891085   -0.15331406   16249.082   2030897   44.346879       
0.084741231   -0.15147044   17548.025   2183851   47.894532       
0.071230428   -0.15015081   18846.965   2335654   51.442188       
0.058554202   -0.14950142   20145.894   2487465   54.989814       
0.046762575   -0.14956289   21444.827   2638906   58.537447       
0.035925798   -0.1503905   22743.764   2790756   62.085086       
0.025859334   -0.1518501   24042.704   2942945   65.632724       
0.016374379   -0.15380292   25341.646   3095527   69.180368       
0.0073369667   -0.15614888   26640.581   3248285   72.727996       
-0.0014740284   -0.15872124   27939.511   3401465   76.275614       
-0.01023799   -0.16138379   29238.447   3554572   79.823256       
-0.019138535   -0.16399657   30537.374   3708014   83.370881       
-0.028231665   -0.16651513   31836.299   3861233   86.91851       
-0.037459523   -0.16898015   33135.222   4014367   90.466143       
-0.046776731   -0.17142288   34434.136   4167493   94.01377       
-0.056105068   -0.17389943   35733.049   4320415   97.561408       
-0.065256135   -0.17654771   37031.95   4473000   101.10904       
-0.074083774   -0.17947189   38330.843   4625384   104.65667       
-0.082433297   -0.1827796   39629.712   4777459   108.2043       
-0.09017475   -0.18655552   40928.556   4929404   111.75192       
-0.097211941   -0.19085103   42227.365   5081225   115.29956       
-0.10348663   -0.19567827   43526.11   5233001   118.84718       
-0.10914635   -0.20087683   44824.77   5385363   122.39481       
-0.11458836   -0.20607038   46123.296   5537796   125.94244       
-0.12006861   -0.21094718   47421.61   5690136   129.49005       
-0.12597131   -0.21503554   48719.627   5843770   133.0377       
-0.13314458   -0.21741638   50017.169   6000315   136.58531       
-0.14217441   -0.2172309   51314.033   6160600   140.13296       
-0.15375526   -0.21335328   52609.875   6325673   143.68058       
-0.16889115   -0.20421482   53904.292   6496418   147.22826       
0.030193448   -0.021963783   651.44057   184328   1.7742175       
0.080169878   -0.060246744   1953.4162   334525   5.3223966       
0.11661337   -0.09099732   3254.3677   483975   8.8703429       
0.14192877   -0.11530063   4554.6154   633234   12.418126       
0.15715583   -0.1333985   5854.4019   782030   15.96583       
0.16385929   -0.14606068   7153.8816   931799   19.513487       
0.16371482   -0.15425548   8453.1543   1086988   23.061109       
0.15795736   -0.15871087   9752.298   1250686   26.608732       
0.14785869   -0.16023645   11051.358   1413062   30.156361       
0.13506738   -0.15995874   12350.368   1571648   33.704006       
0.12051162   -0.15850706   13649.342   1727489   37.251656       
0.10510627   -0.15652095   14948.293   1882335   40.799304       
0.089513768   -0.15446922   16247.236   2035911   44.346966       
0.074236081   -0.15271008   17546.165   2188560   47.89461       
0.059718622   -0.15156974   18845.096   2340102   51.442266       
0.046163336   -0.15119938   20144.019   2491618   54.989905       
0.033654038   -0.15166437   21442.942   2642654   58.537542       
0.022226474   -0.15299457   22741.872   2794383   62.08519       
0.0116213   -0.15500141   24040.8   2946507   65.63283       
0.0016984273   -0.15758337   25339.725   3098913   69.18046       
-0.0077883803   -0.16055732   26638.649   3251655   72.728088       
-0.017061202   -0.16375599   27937.573   3404799   76.275719       
-0.026358952   -0.1669995   29236.493   3558100   79.823346       
-0.035837572   -0.17016884   30535.419   3711671   83.370995       
-0.045528702   -0.17323715   31834.328   3864834   86.918609       
-0.055413406   -0.17621552   33133.247   4018235   90.466257       
-0.065472006   -0.17911514   34432.152   4171421   94.013882       
-0.075574284   -0.18202916   35731.056   4324273   97.561516       
-0.085497415   -0.18512016   37029.952   4476884   101.10915       
-0.095045882   -0.18852867   38328.838   4629084   104.65678       
-0.10407632   -0.19235167   39627.706   4781114   108.20441       
-0.11244305   -0.1966832   40926.557   4932884   111.75205       
-0.11998311   -0.20162178   42225.368   5084496   115.29968       
-0.12663673   -0.20717632   43524.127   5236225   118.84731       
-0.13258068   -0.21315762   44822.817   5388447   122.39495       
-0.13814253   -0.21923218   46121.379   5540798   125.94256       
-0.14353046   -0.22511083   47419.775   5693026   129.4902       
-0.14926116   -0.23020067   48717.897   5846143   133.03782       
-0.15618659   -0.23355261   50015.621   6002131   136.58544       
-0.16487688   -0.2342816   51312.757   6161735   140.13307       
-0.17608465   -0.23116846   52609.026   6327102   143.68072       
-0.19088751   -0.22253839   53904.02   6498478   147.22837       
0.030971124   -0.02248436   651.12049   186646   1.7742338       
0.082142211   -0.061722197   1952.5606   336772   5.3224408       
0.11897618   -0.093049913   3253.1284   486064   8.8703991       
0.14417334   -0.11770141   4553.1118   635235   12.418181       
0.15869915   -0.13582794   5852.721   783872   15.965879       
0.16442025   -0.14838429   7152.0807   934049   19.513526       
0.16312658   -0.15640149   8451.2776   1091219   23.061155       
0.1559917   -0.16055001   9750.3718   1256212   26.608788       
0.14440844   -0.16171562   11049.402   1418458   30.156437       
0.13012628   -0.16109032   12348.386   1576741   33.704086       
0.11411822   -0.15933103   13647.337   1732481   37.251729       
0.097399054   -0.15714768   14946.279   1886926   40.799397       
0.080601104   -0.15498524   16245.208   2040342   44.34706       
0.064257116   -0.1532257   17544.126   2192579   47.894706       
0.048793825   -0.15218025   18843.044   2343964   51.44236       
0.034420635   -0.15200439   20141.961   2495070   54.990014       
0.021255042   -0.15278779   21440.869   2646101   58.537643       
0.009298073   -0.15453527   22739.785   2797693   62.085287       
-0.0017835318   -0.15700354   24038.703   2949717   65.632933       
-0.012080687   -0.16012724   25337.61   3102083   69.18055       
-0.021952359   -0.16364127   26636.526   3254861   72.728193       
-0.031622213   -0.16737775   27935.439   3408032   76.27583       
-0.041388276   -0.1711134   29234.351   3561447   79.823464       
-0.051380576   -0.17474933   30533.255   3714764   83.371085       
-0.061603927   -0.17827886   31832.162   3868113   86.91872       
-0.072080716   -0.18168159   33131.071   4021479   90.466368       
-0.082815407   -0.18494953   34429.973   4174685   94.014007       
-0.09362682   -0.18821285   35728.869   4327628   97.561641       
-0.10425756   -0.19165859   37027.758   4480148   101.10927       
-0.11446232   -0.19546379   38326.642   4632332   104.65692       
-0.12410962   -0.19971481   39625.511   4784358   108.20455       
-0.1330389   -0.20451491   40924.353   4935943   111.75217       
-0.1410182   -0.21001109   42223.177   5087355   115.29981       
-0.14798837   -0.21620806   43521.952   5239033   118.84744       
-0.15415606   -0.2228897   44820.669   5391339   122.39508       
-0.15977907   -0.22976704   46119.286   5543422   125.94271       
-0.16502146   -0.23657381   47417.757   5695502   129.49034       
-0.17053312   -0.24260238   48716.01   5848325   133.03796       
-0.17717623   -0.24687767   50013.935   6004171   136.58558       
-0.18550803   -0.24849536   51311.385   6163191   140.13322       
-0.19634471   -0.24614566   52608.106   6328478   143.68086       
-0.2108286   -0.23804112   53903.747   6501007   147.22851       
0.031555272   -0.02285975   650.77771   188475   1.774247       
0.083360061   -0.062628434   1951.6488   338488   5.3224786       
0.12024388   -0.094252334   3251.8038   487581   8.8704281       
0.14492305   -0.11890195   4551.5133   636524   12.418218       
0.15853802   -0.13681962   5850.9357   785061   15.965909       
0.16307215   -0.14902296   7150.1739   935613   19.513561       
0.16037168   -0.15656762   8449.2855   1095424   23.061183       
0.15169344   -0.16017206   9748.3198   1261545   26.608808       
0.13852809   -0.16078464   11047.313   1424081   30.156464       
0.12267527   -0.15962773   12346.264   1582375   33.704105       
0.10516758   -0.15739781   13645.206   1737968   37.251785       
0.087119239   -0.1548753   14944.123   1892144   40.799435       
0.069182282   -0.1525188   16243.042   2045173   44.347113       
0.051867622   -0.15069406   17541.952   2197168   47.894775       
0.035610223   -0.14971769   18840.858   2347999   51.442434       
0.020615607   -0.1497419   20139.759   2498831   54.990082       
0.0069685223   -0.15083192   21438.659   2649679   58.537724       
-0.0053628939   -0.15296804   22737.559   2801140   62.085364       
-0.016732165   -0.15589288   24036.46   2952949   65.633003       
-0.027283077   -0.15950246   25335.359   3105275   69.18064       
-0.037398348   -0.16351435   26634.258   3258127   72.728274       
-0.047349092   -0.16772583   27933.156   3411304   76.275908       
-0.057447968   -0.17190414   29232.053   3564690   79.823543       
-0.067824443   -0.17595154   30530.952   3718143   83.371185       
-0.078509144   -0.17984257   31829.85   3871522   86.918829       
-0.089526964   -0.18355436   33128.738   4024982   90.466451       
-0.10083922   -0.18711032   34427.63   4178247   94.014094       
-0.11227662   -0.19063088   35726.522   4331202   97.561744       
-0.12353741   -0.19433483   37025.401   4483685   101.10937       
-0.13433894   -0.19842594   38324.278   4635751   104.65701       
-0.14453132   -0.2030033   39623.141   4787529   108.20464       
-0.15391268   -0.20819925   40921.991   4939077   111.75228       
-0.16221912   -0.21418235   42220.816   5090383   115.29991       
-0.16936799   -0.22097201   43519.615   5241907   118.84756       
-0.1755322   -0.22837388   44818.353   5393860   122.39518       
-0.18093921   -0.23611721   46117.025   5546063   125.94282       
-0.18580549   -0.24388816   47415.583   5698150   129.49045       
-0.19082396   -0.25093719   48713.967   5850710   133.03807       
-0.19690527   -0.25624076   50012.108   6005910   136.58569       
-0.20459205   -0.25888418   51309.882   6164193   140.13333       
-0.21474422   -0.25748678   52607.085   6329212   143.68096       
-0.22855428   -0.25014463   53903.413   6502284   147.22861       
0.032070523   -0.023184494   650.41263   190136   1.7742527       
0.084316802   -0.063376708   1950.6699   340041   5.3224943       
0.12115855   -0.095248632   3250.3995   488914   8.8704574       
0.14521362   -0.11980549   4549.8208   637526   12.418248       
0.15787926   -0.13744406   5849.0495   785991   15.965937       
0.1611777   -0.14919686   7148.1535   937388   19.513573       
0.15698968   -0.15613315   8447.1841   1099989   23.061209       
0.1467041   -0.15905777   9746.1572   1266958   26.608828       
0.13190191   -0.15897954   11045.109   1429666   30.156485       
0.11441866   -0.15714338   12344.04   1587884   33.704152       
0.095352157   -0.15429136   13642.958   1743300   37.251826       
0.075923484   -0.1512813   14941.859   1897110   40.799483       
0.056823676   -0.14860008   16240.768   2049709   44.347173       
0.038526958   -0.14658669   17539.666   2201233   47.894842       
0.021488965   -0.1455733   18838.557   2351777   51.442494       
0.0059099967   -0.14570814   20137.444   2502354   54.990138       
-0.0081825326   -0.1470138   21436.335   2652989   58.537792       
-0.020852846   -0.14944638   22735.224   2804366   62.085441       
-0.032456749   -0.1527476   24034.105   2956150   65.633067       
-0.043229371   -0.15674679   25332.993   3108408   69.180715       
-0.053545788   -0.16116736   26631.874   3261290   72.728341       
-0.063743171   -0.16575872   27930.763   3414512   76.27599       
-0.074133946   -0.17028884   29229.644   3567990   79.82362       
-0.084856735   -0.17465356   30528.526   3721461   83.371254       
-0.095986091   -0.17879449   31827.41   3875013   86.918897       
-0.10753577   -0.18269684   33126.294   4028395   90.466541       
-0.11940178   -0.1864328   34425.169   4181690   94.014167       
-0.13144786   -0.19009782   35724.05   4334683   97.561815       
-0.14332241   -0.19394632   37022.924   4487066   101.10945       
-0.15470978   -0.19820522   38321.799   4639238   104.65711       
-0.16542975   -0.20299535   39620.66   4790857   108.20475       
-0.17522981   -0.20848586   40919.51   4942196   111.75238       
-0.1838242   -0.21486054   42218.341   5093508   115.30001       
-0.19110109   -0.22215914   43517.147   5245101   118.84764       
-0.19717351   -0.23023014   44815.924   5396925   122.39528       
-0.2022571   -0.23880866   46114.648   5549045   125.94291       
-0.20665728   -0.24750976   47413.295   5701115   129.49055       
-0.21108039   -0.25556935   48711.819   5853028   133.03816       
-0.21650424   -0.2619067   50010.186   6008042   136.58581       
-0.22345929   -0.26560275   51308.288   6165811   140.13342       
-0.23284419   -0.26521754   52606.01   6329673   143.68106       
-0.24588859   -0.25871675   53903.072   6503329   147.2287       
0.032582726   -0.023511256   650.00883   191801   1.7742857       
0.085219293   -0.064194784   1949.5956   341605   5.3225137       
0.12198415   -0.096362973   3248.8826   490283   8.8704761       
0.14540128   -0.12084892   4548.0082   638607   12.418259       
0.15711777   -0.13821245   5847.0421   787067   15.965949       
0.15918952   -0.14950686   7146.0142   939734   19.513583       
0.15352782   -0.15581811   8444.9528   1104754   23.061209       
0.14165366   -0.15804148   9743.8787   1272382   26.608865       
0.12523455   -0.15724607   11042.781   1435222   30.156505       
0.1061424   -0.15470138   12341.688   1593433   33.704193       
0.085539795   -0.15119655   13640.582   1748687   37.251867       
0.06475435   -0.14766676   14939.47   1902137   40.79954       
0.044515276   -0.14462669   16238.357   2054326   44.347217       
0.025261402   -0.14239008   17537.246   2205513   47.894902       
0.0074682365   -0.14130454   18836.124   2355690   51.442559       
-0.0086691554   -0.14151426   20134.999   2506057   54.990208       
-0.02318108   -0.14299888   21433.875   2656866   58.537862       
-0.036163903   -0.14569059   22732.746   2808143   62.085502       
-0.047974535   -0.14933085   24031.621   2959725   65.633152       
-0.058941686   -0.1536806   25330.488   3112062   69.180786       
-0.06942991   -0.15847107   26629.362   3264933   72.728436       
-0.079845583   -0.16340211   27928.229   3418217   76.276069       
-0.090498991   -0.16824381   29227.092   3571683   79.823692       
-0.10153805   -0.17288557   30525.965   3725262   83.371339       
-0.11308218   -0.17723604   31824.839   3878888   86.918991       
-0.12513459   -0.18128812   33123.707   4032267   90.466628       
-0.13752391   -0.18516344   34422.572   4185701   94.014259       
-0.15014866   -0.18893216   35721.445   4338672   97.561912       
-0.16260793   -0.19288447   37020.307   4491029   101.10954       
-0.17455226   -0.19727079   38319.172   4642917   104.65719       
-0.18577061   -0.20223396   39618.036   4794446   108.20484       
-0.195961   -0.20797981   40916.88   4945733   111.75246       
-0.20481522   -0.21470829   42215.724   5098091   115.3001       
-0.21219262   -0.22248001   43514.554   5250685   118.84775       
-0.21814917   -0.23118609   44813.356   5402675   122.39538       
-0.22288811   -0.2405706   46112.13   5554971   125.943       
-0.22680589   -0.25017994   47410.87   5707089   129.49065       
-0.23062483   -0.25923817   48709.541   5859226   133.03827       
-0.2353948   -0.26661211   50008.125   6013703   136.5859       
-0.24163751   -0.27138792   51306.581   6170438   140.13354       
-0.25030224   -0.27207556   52604.823   6333945   143.68117       
-0.26264666   -0.26650287   53902.689   6507398   147.22882       
0.033023541   -0.023783009   649.48643   193311   1.7742949       
0.085762918   -0.064831854   1948.3682   342905   5.3225479       
0.12203794   -0.097010071   3247.2099   491276   8.8705029       
0.14443737   -0.12112788   4546.0385   639303   12.418267       
0.15470958   -0.13781585   5844.8766   787749   15.965948       
0.15501545   -0.14820363   7143.7169   942879   19.513573       
0.14734758   -0.15343537   8442.5699   1110810   23.061203       
0.13338382   -0.15451879   9741.4373   1278907   26.608863       
0.11497077   -0.15265245   11040.306   1441650   30.156528       
0.093971266   -0.14909876   12339.178   1599645   33.704208       
0.071583796   -0.14467331   13638.057   1754686   37.251907       
0.049254918   -0.1403983   14936.935   1907687   40.799605       
0.027680299   -0.13676474   16235.805   2059225   44.347282       
0.0073824426   -0.13414841   17534.682   2209833   47.894973       
-0.011152301   -0.13290572   18833.548   2361078   51.442634       
-0.027800552   -0.13312855   20132.41   2512180   54.990286       
-0.042641167   -0.13476098   21431.269   2663980   58.537933       
-0.055783702   -0.13772608   22730.13   2815297   62.085585       
-0.067662702   -0.14170875   24028.983   2966918   65.633221       
-0.0786571   -0.14643279   25327.836   3119195   69.18086       
-0.089151694   -0.15161512   26626.69   3272159   72.728502       
-0.099651591   -0.15688464   27925.546   3425190   76.276148       
-0.11043134   -0.16203883   29224.399   3578907   79.823786       
-0.12168958   -0.16692993   30523.256   3732388   83.371433       
-0.13358258   -0.17143975   31822.106   3886062   86.919058       
-0.14606684   -0.17559538   33120.964   4039588   90.466704       
-0.15894729   -0.1795361   34419.824   4193016   94.014353       
-0.17214973   -0.18331154   35718.682   4346075   97.561998       
-0.18519579   -0.18726757   37017.542   4498312   101.10965       
-0.19771659   -0.19166759   38316.4   4649976   104.65729       
-0.20944549   -0.19669562   39615.254   4801104   108.20493       
-0.21999425   -0.202621   40914.106   4952378   111.75257       
-0.2290489   -0.2096481   42212.956   5105228   115.30021       
-0.23645022   -0.21785142   43511.796   5258786   118.84785       
-0.24219108   -0.22716931   44810.633   5412380   122.39548       
-0.24646205   -0.23735706   46109.458   5565126   125.94311       
-0.24970449   -0.24793078   47408.281   5717349   129.49074       
-0.25264016   -0.25812101   48707.095   5868752   133.03838       
-0.25631618   -0.26680467   50005.904   6021661   136.58601       
-0.26137018   -0.27299216   51304.695   6177692   140.13364       
-0.26886444   -0.27511993   52603.469   6339450   143.68128       
-0.28005897   -0.27093186   53902.192   6513416   147.22892


#Format: First Line - Bins in r, Bins in z, minR, maxR, minZ, maxZ
#Each Following Line: x-deviation [cm], y-deviation, total Runge-Kutta-Time [ns],
#number of Runge-Kutta steps, real total RK-drift path [cm]
#This File was created by class PndTpcInhFieldDrifter
