400 15.5 1 26 -39.5 1 149
-0 400
-0.9827165 400
-1.714839 400
-2.297345 400
-2.778567 400
-3.185267 400
-3.534072 400
-3.836245 400
-4.099885 400
-4.331092 400
-4.534642 400
-4.714402 400
-4.873569 400
-5.014823 400
-5.140425 400
-5.252293 400
-5.352076 400
-5.441215 400
-5.520974 400
-5.592455 400
-5.656627 400
-5.714369 400
-5.766462 400
-5.813587 400
-5.856355 400
-5.89531 400
-5.93092 400
-5.963606 400
-5.993742 400
-6.021674 400
-6.047744 400
-6.072234 400
-6.095391 400
-6.117486 400
-6.138782 400
-6.159525 400
-6.17996 400
-6.200361 400
-6.221063 400
-6.242453 400
-6.26494 400
-6.288804 400
-6.313704 400
-6.33858 400
-6.362383 400
-6.384684 400
-6.405549 400
-6.425195 400
-6.443855 400
-6.461734 400
-6.478985 400
-6.495733 400
-6.512065 400
-6.528019 400
-6.54364 400
-6.558989 400
-6.57411 400
-6.589003 400
-6.603666 400
-6.618071 400
-6.632173 400
-6.645964 400
-6.659479 400
-6.672791 400
-6.685978 400
-6.699093 400
-6.712148 400
-6.725092 400
-6.73787 400
-6.750466 400
-6.762893 400
-6.77522 400
-6.787471 400
-6.799558 400
-6.811437 400
-6.823164 400
-6.834779 400
-6.846294 400
-6.857737 400
-6.86913 400
-6.880448 400
-6.89164 400
-6.902663 400
-6.913517 400
-6.924231 400
-6.934826 400
-6.94533 400
-6.955718 400
-6.965937 400
-6.97599 400
-6.985902 400
-6.995686 400
-7.005339 400
-7.014833 400
-7.024148 400
-7.03327 400
-7.042181 400
-7.050863 400
-7.05928 400
-7.067406 400
-7.075253 400
-7.082796 400
-7.089976 400
-7.096756 400
-7.103097 400
-7.108972 400
-7.114334 400
-7.119088 400
-7.123151 400
-7.126442 400
-7.128872 400
-7.130367 400
-7.130816 400
-7.130095 400
-7.128104 400
-7.124706 400
-7.119702 400
-7.112888 400
-7.104057 400
-7.09297 400
-7.079356 400
-7.062928 400
-7.043329 400
-7.020153 400
-6.992958 400
-6.961236 400
-6.924407 400
-6.881819 400
-6.832751 400
-6.77639 400
-6.711814 400
-6.637983 400
-6.553701 400
-6.457593 400
-6.348109 400
-6.22348 400
-6.081653 400
-5.920219 400
-5.736365 400
-5.526763 400
-5.287424 400
-5.013513 400
-4.699013 400
-4.336243 400
-3.915039 400
-3.421339 400
-2.834335 400
-2.120397 400
-1.218519 400
-0 399.0173
-0.6780612 399.2679
-1.267047 399.4175
-1.767228 399.5188
-2.193372 399.5933
-2.559379 399.6512
-2.876183 399.6978
-3.152161 399.7364
-3.393809 399.7688
-3.60624 399.7964
-3.793577 399.8202
-3.959215 399.8408
-4.105988 399.8587
-4.236287 399.8744
-4.352155 399.8881
-4.45535 399.9002
-4.547396 399.9109
-4.629612 399.9202
-4.703152 399.9285
-4.769039 399.9358
-4.828177 399.9423
-4.881366 399.9479
-4.929315 399.9529
-4.972653 399.9572
-5.011944 399.961
-5.047688 399.9644
-5.080324 399.9673
-5.110245 399.9699
-5.137804 399.9721
-5.163318 399.9739
-5.187077 399.9755
-5.209353 399.9768
-5.230385 399.9779
-5.250406 399.9787
-5.269659 399.9793
-5.288367 399.9796
-5.306741 399.9796
-5.324998 399.9793
-5.343368 399.9786
-5.36207 399.9775
-5.38127 399.9761
-5.401016 399.9751
-5.421212 399.9751
-5.441553 399.9762
-5.461543 399.9777
-5.480746 399.9791
-5.498975 399.9804
-5.51625 399.9813
-5.532689 399.9821
-5.548423 399.9827
-5.563576 399.9833
-5.578241 399.9837
-5.592496 399.984
-5.60639 399.9844
-5.61996 399.9847
-5.633256 399.9849
-5.646313 399.9851
-5.659136 399.9853
-5.671728 399.9856
-5.684098 399.9859
-5.696239 399.9862
-5.708151 399.9865
-5.719853 399.9867
-5.731388 399.9868
-5.742788 399.9869
-5.75407 399.9869
-5.765259 399.9871
-5.776355 399.9872
-5.787334 399.9874
-5.798185 399.9876
-5.808907 399.9877
-5.819497 399.9877
-5.829948 399.9879
-5.840263 399.9881
-5.850453 399.9883
-5.860528 399.9884
-5.870506 399.9885
-5.8804 399.9886
-5.890209 399.9886
-5.899935 399.9887
-5.909568 399.9888
-5.91909 399.989
-5.928504 399.9891
-5.937821 399.9893
-5.947044 399.9894
-5.95617 399.9895
-5.965189 399.9896
-5.974101 399.9898
-5.982907 399.9899
-5.991588 399.9901
-6.000131 399.9902
-6.008537 399.9903
-6.016798 399.9905
-6.024894 399.9907
-6.032808 399.9909
-6.040537 399.9911
-6.048069 399.9913
-6.055379 399.9916
-6.062461 399.9919
-6.069308 399.9922
-6.075892 399.9925
-6.082191 399.9928
-6.08818 399.9932
-6.09381 399.9937
-6.099028 399.9941
-6.103796 399.9946
-6.108071 399.9952
-6.111785 399.9959
-6.114859 399.9967
-6.117238 399.9976
-6.118849 399.9985
-6.11959 399.9996
-6.119362 400.0007
-6.118064 400.002
-6.115578 400.0034
-6.111763 400.005
-6.106459 400.0068
-6.09949 400.0088
-6.090672 400.0111
-6.0798 400.0136
-6.066618 400.0164
-6.050818 400.0196
-6.032069 400.0232
-6.01 400.0272
-5.984202 400.0317
-5.954212 400.0368
-5.919504 400.0426
-5.879481 400.0491
-5.833467 400.0564
-5.780711 400.0646
-5.720364 400.0738
-5.651455 400.0843
-5.572884 400.0961
-5.483408 400.1095
-5.381592 400.1246
-5.26577 400.1418
-5.134048 400.1614
-4.984248 400.1839
-4.813817 400.2096
-4.619758 400.2393
-4.398534 400.2739
-4.145889 400.3145
-3.856632 400.3628
-3.524341 400.4212
-3.140902 400.4937
-2.695805 400.587
-2.175273 400.7139
-1.56173 400.9019
-0.8364867 401.2185
-0 398.3392
-0.4872459 398.6789
-0.9442569 398.9173
-1.354527 399.0926
-1.716794 399.2273
-2.0351 399.3344
-2.314706 399.4218
-2.560669 399.4947
-2.777459 399.5564
-2.968918 399.6091
-3.138319 399.6546
-3.288454 399.6941
-3.421709 399.7284
-3.540136 399.7585
-3.64552 399.7849
-3.739423 399.8082
-3.823205 399.8286
-3.89805 399.8467
-3.965 399.8626
-4.024977 399.8767
-4.078802 399.8891
-4.127199 399.9
-4.170806 399.9095
-4.210197 399.9179
-4.245878 399.9253
-4.278303 399.9318
-4.307878 399.9374
-4.334956 399.9423
-4.359855 399.9466
-4.382868 399.9502
-4.404259 399.9532
-4.424273 399.9558
-4.443137 399.9579
-4.461061 399.9595
-4.478247 399.9605
-4.494886 399.9612
-4.511153 399.9613
-4.527212 399.9609
-4.543218 399.9599
-4.559289 399.9583
-4.575473 399.9564
-4.591766 399.9549
-4.608189 399.9548
-4.624739 399.9562
-4.641249 399.9585
-4.657417 399.9609
-4.673004 399.9631
-4.687927 399.9649
-4.702195 399.9664
-4.71586 399.9676
-4.729002 399.9686
-4.741692 399.9694
-4.753994 399.9702
-4.765965 399.9708
-4.777638 399.9714
-4.789034 399.9718
-4.800179 399.9723
-4.811105 399.9727
-4.82182 399.9732
-4.832343 399.9738
-4.842697 399.9743
-4.852889 399.9748
-4.862925 399.9752
-4.872813 399.9754
-4.88256 399.9756
-4.892177 399.9758
-4.901685 399.976
-4.911101 399.9762
-4.920425 399.9766
-4.929649 399.9769
-4.938776 399.9771
-4.947796 399.9773
-4.956693 399.9776
-4.965483 399.9779
-4.97418 399.9782
-4.982784 399.9784
-4.99129 399.9786
-4.999702 399.9787
-5.008031 399.9789
-5.016278 399.979
-5.024438 399.9793
-5.032518 399.9796
-5.040531 399.9798
-5.048478 399.9801
-5.056342 399.9803
-5.064118 399.9805
-5.0718 399.9807
-5.079393 399.981
-5.086908 399.9813
-5.09433 399.9815
-5.101621 399.9818
-5.108763 399.9821
-5.11576 399.9824
-5.122602 399.9828
-5.129278 399.9831
-5.135785 399.9836
-5.142117 399.984
-5.148249 399.9845
-5.154172 399.985
-5.159875 399.9856
-5.165331 399.9862
-5.170521 399.9868
-5.175435 399.9876
-5.180033 399.9884
-5.184262 399.9894
-5.188075 399.9904
-5.191426 399.9915
-5.194266 399.9929
-5.196528 399.9943
-5.198161 399.996
-5.199098 399.9978
-5.199258 399.9998
-5.198557 400.002
-5.196886 400.0045
-5.194119 400.0072
-5.190126 400.0103
-5.184768 400.0138
-5.177895 400.0176
-5.169328 400.022
-5.158879 400.0268
-5.146332 400.0322
-5.131401 400.0383
-5.113773 400.0452
-5.093118 400.053
-5.069058 400.0617
-5.041164 400.0715
-5.008962 400.0826
-4.971922 400.0951
-4.929421 400.1091
-4.880758 400.1249
-4.82516 400.1427
-4.761746 400.1629
-4.689518 400.1856
-4.607354 400.2113
-4.513966 400.2405
-4.407863 400.2735
-4.287339 400.3112
-4.150463 400.3543
-3.99501 400.4037
-3.818402 400.4606
-3.617643 400.5266
-3.389212 400.6038
-3.128998 400.6951
-2.832208 400.8046
-2.49325 400.9388
-2.105755 401.1075
-1.663091 401.3275
-1.16017 401.6271
-0.5986809 402.055
-0 397.852
-0.3554827 398.2219
-0.7054452 398.507
-1.033321 398.7304
-1.332408 398.909
-1.601465 399.0548
-1.841807 399.1759
-2.05577 399.2779
-2.245981 399.3649
-2.415023 399.4397
-2.565279 399.5045
-2.698887 399.5608
-2.817755 399.61
-2.92358 399.6531
-3.017871 399.691
-3.101966 399.7244
-3.177046 399.7538
-3.244136 399.7798
-3.304163 399.8027
-3.357948 399.8229
-3.406213 399.8407
-3.449598 399.8564
-3.488677 399.8701
-3.523961 399.8823
-3.555903 399.8929
-3.584908 399.9022
-3.611338 399.9103
-3.635505 399.9174
-3.65769 399.9235
-3.678157 399.9288
-3.697148 399.9332
-3.714886 399.9369
-3.731575 399.94
-3.747401 399.9423
-3.762535 399.9439
-3.777126 399.9449
-3.791315 399.9453
-3.805232 399.9449
-3.818978 399.9438
-3.832607 399.9421
-3.846128 399.9401
-3.859536 399.9385
-3.872898 399.9382
-3.886329 399.9397
-3.899845 399.9423
-3.913276 399.9453
-3.926408 399.9482
-3.939109 399.9506
-3.951324 399.9527
-3.963051 399.9545
-3.974325 399.9559
-3.985195 399.9571
-3.995704 399.9582
-4.005903 399.9591
-4.015828 399.96
-4.025493 399.9607
-4.034915 399.9614
-4.044128 399.962
-4.053156 399.9627
-4.062025 399.9634
-4.07076 399.9641
-4.07937 399.9647
-4.087869 399.9653
-4.09625 399.9657
-4.104503 399.966
-4.112637 399.9662
-4.120665 399.9665
-4.12859 399.9669
-4.136426 399.9673
-4.144175 399.9677
-4.151836 399.9681
-4.159412 399.9684
-4.166905 399.9688
-4.174335 399.9692
-4.181698 399.9696
-4.188981 399.9699
-4.196179 399.9702
-4.203284 399.9704
-4.2103 399.9706
-4.217241 399.9709
-4.224109 399.9712
-4.230913 399.9715
-4.237672 399.9719
-4.244387 399.9722
-4.251037 399.9725
-4.257598 399.9728
-4.264061 399.9731
-4.270437 399.9735
-4.276747 399.9738
-4.282996 399.9743
-4.289142 399.9747
-4.295145 399.9751
-4.301005 399.9756
-4.306727 399.9761
-4.312307 399.9766
-4.317732 399.9772
-4.32299 399.9779
-4.328073 399.9786
-4.332967 399.9793
-4.337661 399.9801
-4.342129 399.981
-4.346347 399.9819
-4.350298 399.983
-4.353954 399.9842
-4.357284 399.9855
-4.360247 399.987
-4.362792 399.9887
-4.364882 399.9906
-4.366475 399.9927
-4.367515 399.995
-4.367933 399.9976
-4.367656 400.0005
-4.366617 400.0037
-4.364725 400.0072
-4.361852 400.0112
-4.357883 400.0157
-4.352697 400.0207
-4.346151 400.0262
-4.338075 400.0324
-4.32828 400.0393
-4.316577 400.0472
-4.302734 400.056
-4.286472 400.0659
-4.267486 400.0771
-4.245441 400.0896
-4.219956 400.1037
-4.190602 400.1196
-4.1569 400.1376
-4.118294 400.1578
-4.074149 400.1805
-4.023763 400.2062
-3.966353 400.2351
-3.901031 400.2677
-3.826804 400.3047
-3.742536 400.3466
-3.64693 400.3941
-3.538506 400.4481
-3.4156 400.5097
-3.276342 400.5803
-3.118606 400.6613
-2.939987 400.755
-2.737768 400.864
-2.508957 400.9919
-2.250351 401.1436
-1.958663 401.3263
-1.630948 401.5502
-1.265562 401.8304
-0.8641315 402.1886
-0.4352308 402.6537
-0 397.4965
-0.2604631 397.8719
-0.5261206 398.1792
-0.7833995 398.4313
-1.024677 398.6399
-1.246515 398.8144
-1.448013 398.9619
-1.629667 399.0877
-1.792689 399.1959
-1.938603 399.2895
-2.069002 399.3709
-2.185417 399.4419
-2.289293 399.5042
-2.381978 399.5589
-2.464701 399.6069
-2.538568 399.6493
-2.604572 399.6867
-2.66359 399.7197
-2.716414 399.7489
-2.763757 399.7746
-2.806248 399.7973
-2.844441 399.8173
-2.878835 399.8349
-2.909873 399.8503
-2.937953 399.8639
-2.963435 399.8757
-2.986633 399.8861
-3.007823 399.8952
-3.027258 399.9031
-3.045165 399.9098
-3.061755 399.9155
-3.07723 399.9203
-3.091764 399.9241
-3.105514 399.9271
-3.118623 399.9293
-3.131212 399.9307
-3.143394 399.9314
-3.15527 399.9312
-3.166902 399.9302
-3.178312 399.9286
-3.189499 399.9267
-3.200466 399.9251
-3.211296 399.9248
-3.222146 399.9262
-3.23312 399.9289
-3.244153 399.9322
-3.255066 399.9355
-3.265716 399.9384
-3.276022 399.941
-3.28595 399.9432
-3.295505 399.945
-3.304705 399.9466
-3.313579 399.948
-3.322163 399.9492
-3.330488 399.9503
-3.338579 399.9513
-3.34645 399.9521
-3.354125 399.953
-3.361636 399.9538
-3.369016 399.9547
-3.376286 399.9555
-3.383455 399.9562
-3.390542 399.9569
-3.397538 399.9574
-3.404428 399.9579
-3.411219 399.9582
-3.417914 399.9586
-3.424512 399.9591
-3.431022 399.9596
-3.437458 399.9601
-3.443809 399.9605
-3.450074 399.9609
-3.456274 399.9614
-3.46243 399.9619
-3.468542 399.9623
-3.474593 399.9627
-3.480589 399.9631
-3.486525 399.9634
-3.492385 399.9637
-3.49818 399.964
-3.503913 399.9644
-3.509578 399.9648
-3.515186 399.9652
-3.520754 399.9655
-3.526284 399.9659
-3.531752 399.9663
-3.537125 399.9667
-3.542397 399.9671
-3.547588 399.9676
-3.552716 399.9681
-3.557776 399.9687
-3.562737 399.9692
-3.567579 399.9698
-3.572302 399.9705
-3.576906 399.9712
-3.58137 399.972
-3.58567 399.9728
-3.589808 399.9737
-3.593786 399.9746
-3.597598 399.9756
-3.601211 399.9767
-3.604585 399.978
-3.607703 399.9793
-3.610546 399.9809
-3.613094 399.9826
-3.615327 399.9845
-3.61721 399.9866
-3.618704 399.989
-3.61977 399.9917
-3.620357 399.9946
-3.620406 399.9979
-3.619853 400.0015
-3.618632 400.0056
-3.616675 400.0101
-3.613874 400.0152
-3.61011 400.0209
-3.605275 400.0272
-3.59924 400.0343
-3.591847 400.0422
-3.582922 400.051
-3.572282 400.061
-3.559733 400.0722
-3.545053 400.0849
-3.527976 400.0991
-3.508199 400.1151
-3.485393 400.1331
-3.459176 400.1534
-3.429117 400.1762
-3.394735 400.2019
-3.355475 400.2309
-3.31071 400.2636
-3.259745 400.3004
-3.201806 400.342
-3.136038 400.389
-3.061472 400.4422
-2.977008 400.5025
-2.881401 400.571
-2.773268 400.649
-2.651087 400.738
-2.513176 400.8399
-2.3577 400.9572
-2.182721 401.0928
-1.986266 401.2505
-1.766446 401.4353
-1.521746 401.654
-1.251544 401.9156
-0.9569987 402.2318
-0.6425054 402.6175
-0.3177661 403.0889
-0 397.236
-0.1903796 397.6063
-0.3898316 397.9219
-0.5881421 398.19
-0.7784886 398.4181
-0.956921 398.6129
-1.121548 398.7803
-1.271813 398.9247
-1.407967 399.0499
-1.530734 399.1591
-1.641075 399.2544
-1.740026 399.3381
-1.82863 399.4115
-1.907893 399.4761
-1.978774 399.5331
-2.042153 399.5833
-2.098835 399.6277
-2.149552 399.6669
-2.194963 399.7015
-2.235672 399.7321
-2.272223 399.7591
-2.305088 399.7829
-2.334676 399.8038
-2.36136 399.8222
-2.385483 399.8384
-2.407357 399.8526
-2.427253 399.865
-2.445413 399.8758
-2.462064 399.8852
-2.477405 399.8932
-2.491608 399.9
-2.504838 399.9057
-2.517243 399.9104
-2.52895 399.914
-2.540074 399.9167
-2.550718 399.9186
-2.560968 399.9195
-2.570901 399.9195
-2.580553 399.9188
-2.589927 399.9174
-2.599023 399.9157
-2.607857 399.9143
-2.616517 399.914
-2.625163 399.9152
-2.633942 399.9179
-2.642856 399.9213
-2.65177 399.9248
-2.660545 399.9281
-2.66909 399.9311
-2.677352 399.9336
-2.685311 399.9358
-2.692973 399.9377
-2.700354 399.9394
-2.707481 399.9409
-2.714374 399.9422
-2.721051 399.9434
-2.727523 399.9445
-2.733809 399.9455
-2.739949 399.9465
-2.745979 399.9474
-2.751921 399.9483
-2.757794 399.9492
-2.763601 399.9499
-2.769324 399.9505
-2.774955 399.9511
-2.780503 399.9515
-2.785966 399.952
-2.791351 399.9526
-2.796664 399.9531
-2.801916 399.9537
-2.807103 399.9542
-2.812208 399.9547
-2.817239 399.9552
-2.82222 399.9558
-2.827166 399.9563
-2.832076 399.9567
-2.836954 399.9571
-2.841807 399.9575
-2.846617 399.9579
-2.851377 399.9583
-2.856086 399.9587
-2.86073 399.9592
-2.865311 399.9596
-2.869837 399.96
-2.874314 399.9605
-2.878741 399.961
-2.883103 399.9615
-2.887379 399.962
-2.891566 399.9625
-2.895674 399.963
-2.899721 399.9637
-2.9037 399.9644
-2.907589 399.9651
-2.911389 399.9659
-2.915098 399.9668
-2.918697 399.9677
-2.922155 399.9687
-2.925473 399.9697
-2.928657 399.9708
-2.931705 399.972
-2.934585 399.9734
-2.937249 399.9748
-2.939682 399.9765
-2.941871 399.9783
-2.943797 399.9803
-2.945444 399.9826
-2.946798 399.9851
-2.947835 399.9879
-2.948518 399.9911
-2.948796 399.9946
-2.948616 399.9984
-2.947922 400.0027
-2.946653 400.0075
-2.944753 400.0129
-2.942137 400.0189
-2.938696 400.0257
-2.934329 400.0332
-2.928928 400.0417
-2.922358 400.0511
-2.91447 400.0617
-2.905093 400.0735
-2.894046 400.0869
-2.881151 400.102
-2.866188 400.1189
-2.848898 400.1379
-2.828992 400.1593
-2.806143 400.1834
-2.779979 400.2106
-2.750088 400.2412
-2.716002 400.2757
-2.677175 400.3145
-2.633002 400.3583
-2.582831 400.4077
-2.525936 400.4635
-2.461509 400.5266
-2.388655 400.5981
-2.306368 400.6791
-2.213539 400.7712
-2.108971 400.8759
-1.991392 400.9954
-1.859484 401.1322
-1.711966 401.2892
-1.547685 401.4703
-1.365738 401.68
-1.165804 401.9242
-0.9485913 402.2101
-0.7165053 402.5463
-0.4745674 402.9422
-0.2314296 403.4067
-0 397.0457
-0.1366146 397.4068
-0.2833761 397.7236
-0.4326088 397.9997
-0.5787257 398.2397
-0.7180651 398.4483
-0.8484876 398.63
-0.9689481 398.7885
-1.079144 398.9272
-1.179258 399.0487
-1.269778 399.1555
-1.351346 399.2495
-1.424665 399.3322
-1.490447 399.4053
-1.549394 399.4697
-1.602183 399.5266
-1.649442 399.577
-1.691756 399.6215
-1.729658 399.6608
-1.763644 399.6956
-1.794162 399.7262
-1.821603 399.7533
-1.846309 399.7771
-1.868583 399.7981
-1.888703 399.8165
-1.90693 399.8327
-1.923492 399.8468
-1.938599 399.8591
-1.952444 399.8698
-1.965198 399.879
-1.976998 399.8868
-1.987973 399.8933
-1.998243 399.8987
-2.007908 399.9029
-2.01706 399.9061
-2.025784 399.9083
-2.034146 399.9096
-2.042189 399.9099
-2.049938 399.9094
-2.057392 399.9083
-2.064552 399.9069
-2.07145 399.9056
-2.078167 399.9053
-2.084867 399.9064
-2.091706 399.909
-2.098724 399.9124
-2.105829 399.916
-2.112885 399.9196
-2.119798 399.9228
-2.126508 399.9257
-2.132984 399.9282
-2.13922 399.9303
-2.145221 399.9323
-2.151002 399.934
-2.156584 399.9355
-2.161974 399.9369
-2.167179 399.9382
-2.172215 399.9394
-2.177114 399.9404
-2.181914 399.9415
-2.18664 399.9425
-2.191318 399.9434
-2.195943 399.9442
-2.200492 399.9449
-2.204963 399.9455
-2.209363 399.9461
-2.213694 399.9466
-2.217971 399.9473
-2.222193 399.9479
-2.22636 399.9485
-2.230474 399.9491
-2.234515 399.9497
-2.238484 399.9502
-2.242407 399.9508
-2.246304 399.9514
-2.250181 399.9518
-2.254033 399.9523
-2.257869 399.9527
-2.261683 399.9531
-2.265459 399.9536
-2.26919 399.9541
-2.272879 399.9546
-2.276521 399.9551
-2.280109 399.9555
-2.283637 399.956
-2.287112 399.9566
-2.290542 399.9572
-2.293919 399.9578
-2.297232 399.9584
-2.300474 399.959
-2.303646 399.9597
-2.306749 399.9605
-2.309777 399.9613
-2.312738 399.9622
-2.315637 399.9632
-2.318461 399.9642
-2.321192 399.9653
-2.323817 399.9665
-2.326332 399.9678
-2.328724 399.9692
-2.33097 399.9707
-2.333035 399.9724
-2.334896 399.9743
-2.336546 399.9764
-2.337973 399.9787
-2.339166 399.9812
-2.340106 399.9841
-2.340781 399.9873
-2.341179 399.9908
-2.341258 399.9947
-2.340965 399.9991
-2.340244 400.004
-2.339037 400.0094
-2.337292 400.0155
-2.334945 400.0224
-2.33191 400.0301
-2.3281 400.0386
-2.323423 400.0483
-2.317772 400.059
-2.311026 400.0711
-2.303037 400.0846
-2.293647 400.0998
-2.2827 400.1169
-2.270017 400.1362
-2.255387 400.1578
-2.238563 400.1822
-2.219265 400.2096
-2.197188 400.2405
-2.171991 400.2753
-2.143283 400.3145
-2.110614 400.3587
-2.07349 400.4085
-2.031374 400.4646
-1.983667 400.5279
-1.929709 400.5995
-1.868788 400.6804
-1.800131 400.772
-1.722891 400.8757
-1.636168 400.9935
-1.539048 401.1273
-1.430657 401.2797
-1.310226 401.4535
-1.177178 401.6522
-1.03129 401.8799
-0.8729422 402.1414
-0.7034548 402.4422
-0.5255426 402.7883
-0.3438537 403.1854
-0.1654509 403.6381
-0 396.909
-0.09455994 397.26
-0.1987668 397.5743
-0.3068793 397.8535
-0.4146323 398.1003
-0.5190121 398.3179
-0.6180447 398.5095
-0.7105673 398.6783
-0.7960186 398.8271
-0.8742614 398.9582
-0.9454463 399.0739
-1.009911 399.1761
-1.068087 399.2665
-1.120445 399.3463
-1.167473 399.4169
-1.209664 399.4794
-1.247489 399.5347
-1.281394 399.5836
-1.311789 399.6268
-1.339052 399.665
-1.36353 399.6988
-1.385534 399.7286
-1.405345 399.7549
-1.423209 399.778
-1.439339 399.7983
-1.453934 399.8161
-1.467183 399.8317
-1.479262 399.8453
-1.490325 399.8571
-1.50051 399.8672
-1.509925 399.8758
-1.518665 399.883
-1.526828 399.889
-1.534489 399.8937
-1.541716 399.8974
-1.548571 399.8999
-1.555102 399.9015
-1.56133 399.9021
-1.567269 399.902
-1.572927 399.9012
-1.578309 399.9
-1.583441 399.8989
-1.588402 399.8986
-1.593342 399.8996
-1.598422 399.9019
-1.603702 399.9053
-1.60913 399.909
-1.614587 399.9127
-1.619971 399.9161
-1.625218 399.9192
-1.630293 399.9219
-1.63518 399.9243
-1.639878 399.9265
-1.644392 399.9284
-1.648735 399.9301
-1.65291 399.9317
-1.656922 399.9331
-1.660787 399.9345
-1.66453 399.9356
-1.668185 399.9367
-1.671772 399.9378
-1.675315 399.9387
-1.678814 399.9396
-1.682258 399.9404
-1.685647 399.9411
-1.688982 399.9417
-1.692268 399.9424
-1.695519 399.943
-1.698734 399.9437
-1.701906 399.9444
-1.705028 399.9451
-1.708088 399.9457
-1.711092 399.9463
-1.714062 399.9469
-1.717015 399.9475
-1.719956 399.948
-1.722877 399.9485
-1.725787 399.9489
-1.728686 399.9494
-1.731552 399.9498
-1.734381 399.9504
-1.737185 399.951
-1.739963 399.9515
-1.742704 399.952
-1.745405 399.9526
-1.748067 399.9532
-1.750684 399.9538
-1.753254 399.9545
-1.755777 399.9551
-1.758252 399.9558
-1.760672 399.9566
-1.763027 399.9575
-1.76532 399.9584
-1.767555 399.9593
-1.76973 399.9603
-1.771848 399.9615
-1.773914 399.9627
-1.775919 399.964
-1.777841 399.9654
-1.779662 399.9669
-1.781359 399.9686
-1.782905 399.9706
-1.784279 399.9727
-1.785475 399.975
-1.786492 399.9775
-1.787325 399.9803
-1.787951 399.9834
-1.788356 399.9869
-1.788538 399.9907
-1.788471 399.995
-1.788118 399.9999
-1.787435 400.0052
-1.786366 400.0112
-1.784858 400.0179
-1.782859 400.0254
-1.78031 400.0339
-1.777141 400.0433
-1.773275 400.0539
-1.768632 400.0658
-1.763113 400.0791
-1.756596 400.094
-1.748959 400.1108
-1.740069 400.1296
-1.729781 400.1508
-1.717927 400.1746
-1.704302 400.2015
-1.688684 400.2317
-1.670832 400.2657
-1.650475 400.304
-1.627298 400.3472
-1.600951 400.3958
-1.57105 400.4506
-1.537168 400.5123
-1.498832 400.5819
-1.45553 400.6604
-1.406718 400.749
-1.351825 400.8492
-1.290239 400.9625
-1.221328 401.0906
-1.144481 401.2357
-1.059174 401.4001
-0.9650214 401.5866
-0.8618404 401.7981
-0.7498005 402.0383
-0.6296156 402.3109
-0.5027559 402.6201
-0.3717288 402.97
-0.2403653 403.3638
-0.1140541 403.8036
-0 396.8145
-0.06216063 397.1558
-0.1314468 397.4662
-0.2045817 397.7458
-0.2787863 397.9959
-0.351851 398.2189
-0.4221673 398.417
-0.4886661 398.5929
-0.5507153 398.7488
-0.6080094 398.887
-0.6604879 399.0095
-0.7082688 399.118
-0.7515773 399.2141
-0.7906931 399.2993
-0.8259254 399.3747
-0.857602 399.4415
-0.8860517 399.5008
-0.9115916 399.5532
-0.9345141 399.5996
-0.9550878 399.6406
-0.9735621 399.6768
-0.9901653 399.7088
-1.00511 399.737
-1.018589 399.7619
-1.030762 399.7837
-1.041772 399.8028
-1.051761 399.8196
-1.060864 399.8342
-1.0692 399.8469
-1.076867 399.8578
-1.083949 399.8671
-1.090512 399.8749
-1.096624 399.8814
-1.102347 399.8865
-1.107725 399.8905
-1.112795 399.8934
-1.117585 399.8953
-1.122106 399.8962
-1.126363 399.8963
-1.130371 399.8958
-1.134134 399.8949
-1.137674 399.894
-1.141057 399.8937
-1.144409 399.8945
-1.14788 399.8967
-1.151562 399.8998
-1.155428 399.9035
-1.159386 399.9073
-1.163341 399.9108
-1.167223 399.9141
-1.170989 399.917
-1.174616 399.9196
-1.178094 399.922
-1.181419 399.9241
-1.184602 399.926
-1.187641 399.9277
-1.190539 399.9293
-1.193314 399.9307
-1.195988 399.932
-1.198583 399.9331
-1.201116 399.9342
-1.2036 399.9352
-1.206047 399.9362
-1.208466 399.937
-1.210856 399.9378
-1.21321 399.9384
-1.215526 399.9391
-1.217819 399.9398
-1.220099 399.9406
-1.222358 399.9413
-1.22458 399.942
-1.226757 399.9427
-1.228899 399.9433
-1.231021 399.944
-1.233132 399.9445
-1.235235 399.9451
-1.237325 399.9455
-1.239413 399.946
-1.241499 399.9465
-1.243556 399.947
-1.245584 399.9476
-1.247604 399.9482
-1.249613 399.9487
-1.251595 399.9493
-1.253551 399.9499
-1.255483 399.9505
-1.257375 399.9512
-1.259222 399.9519
-1.261024 399.9526
-1.262784 399.9534
-1.2645 399.9543
-1.266173 399.9552
-1.267804 399.9561
-1.269389 399.9571
-1.270914 399.9582
-1.272384 399.9594
-1.273823 399.9607
-1.275236 399.9621
-1.276604 399.9636
-1.277902 399.9652
-1.279105 399.9671
-1.280196 399.9692
-1.281157 399.9715
-1.281977 399.974
-1.282654 399.9767
-1.283185 399.9797
-1.283558 399.983
-1.283765 399.9867
-1.283788 399.9908
-1.283607 399.9954
-1.283213 400.0005
-1.282583 400.0063
-1.281678 400.0127
-1.280449 400.0199
-1.278856 400.028
-1.276861 400.037
-1.274401 400.0472
-1.271413 400.0585
-1.26784 400.0713
-1.263605 400.0856
-1.258617 400.1016
-1.252786 400.1197
-1.246012 400.1399
-1.238181 400.1626
-1.22916 400.1883
-1.218793 400.2171
-1.206922 400.2495
-1.193367 400.286
-1.177924 400.3272
-1.160364 400.3735
-1.140426 400.4257
-1.117821 400.4845
-1.092235 400.5507
-1.063317 400.6252
-1.030696 400.7092
-0.9939884 400.8039
-0.9527948 400.9108
-0.9067084 401.0314
-0.8553303 401.1675
-0.7983055 401.321
-0.7353733 401.4943
-0.6664118 401.6897
-0.5914967 401.9102
-0.5109991 402.1585
-0.4257226 402.4378
-0.3370311 402.7512
-0.2469665 403.1013
-0.1583277 403.4901
-0.07463244 403.9176
-0 396.7523
-0.03513248 397.0866
-0.07426681 397.3931
-0.1167219 397.6716
-0.1610671 397.9229
-0.2058339 398.1485
-0.2498056 398.3505
-0.2920901 398.5308
-0.3320817 398.6915
-0.3694134 398.8345
-0.4039135 398.9617
-0.43555 399.0747
-0.4643877 399.175
-0.4905524 399.264
-0.5142054 399.343
-0.535536 399.4131
-0.5547421 399.4752
-0.5720186 399.5303
-0.5875443 399.579
-0.6014844 399.6221
-0.6140045 399.6602
-0.6252599 399.6938
-0.6353918 399.7235
-0.6445312 399.7497
-0.6527905 399.7727
-0.6602605 399.7929
-0.6670351 399.8105
-0.6732048 399.8259
-0.6788452 399.8392
-0.6840256 399.8507
-0.6888041 399.8605
-0.6932245 399.8688
-0.6973268 399.8756
-0.7011458 399.8811
-0.7047084 399.8854
-0.7080385 399.8886
-0.7111504 399.8908
-0.7140448 399.8919
-0.7167221 399.8923
-0.7191892 399.892
-0.7214548 399.8913
-0.7235373 399.8906
-0.7254798 399.8903
-0.7273833 399.891
-0.7293912 399.893
-0.7316135 399.896
-0.7340538 399.8996
-0.7366327 399.9033
-0.7392618 399.907
-0.7418755 399.9103
-0.7444319 399.9134
-0.7468975 399.9162
-0.7492506 399.9187
-0.7514778 399.9209
-0.7535843 399.9229
-0.7555738 399.9248
-0.7574508 399.9265
-0.7592365 399.928
-0.7609427 399.9294
-0.762578 399.9306
-0.7641529 399.9317
-0.7656759 399.9328
-0.7671701 399.9338
-0.7686582 399.9346
-0.7701359 399.9354
-0.7715905 399.9361
-0.7730137 399.9368
-0.7744194 399.9375
-0.7758319 399.9383
-0.7772446 399.9391
-0.7786381 399.9398
-0.7800068 399.9406
-0.781359 399.9412
-0.7827011 399.9419
-0.7840405 399.9424
-0.7853851 399.943
-0.7867256 399.9435
-0.7880627 399.9439
-0.7893951 399.9444
-0.790704 399.945
-0.7919952 399.9456
-0.7932935 399.9462
-0.7945923 399.9468
-0.7958711 399.9474
-0.7971291 399.948
-0.7983673 399.9487
-0.799581 399.9494
-0.8007621 399.9501
-0.8019075 399.9509
-0.8030096 399.9517
-0.8040668 399.9526
-0.8050949 399.9535
-0.8061 399.9545
-0.8070732 399.9556
-0.808002 399.9567
-0.8088899 399.958
-0.8097592 399.9593
-0.8106201 399.9607
-0.8114607 399.9623
-0.8122556 399.964
-0.8129905 399.966
-0.8136599 399.9682
-0.8142439 399.9706
-0.814729 399.9733
-0.8151139 399.9761
-0.8153919 399.9793
-0.815557 399.9828
-0.8156016 399.9867
-0.8155078 399.991
-0.8152625 399.9958
-0.8148637 400.0012
-0.8143046 400.0072
-0.8135693 400.0139
-0.8126327 400.0215
-0.8114689 400.03
-0.8100549 400.0395
-0.8083392 400.0502
-0.8062657 400.0621
-0.8037948 400.0755
-0.8008746 400.0906
-0.7974445 400.1075
-0.7934424 400.1264
-0.7888022 400.1477
-0.7834482 400.1717
-0.7772851 400.1986
-0.7702082 400.2289
-0.7621103 400.2631
-0.7528739 400.3015
-0.742357 400.3447
-0.7304044 400.3935
-0.7168502 400.4483
-0.7015042 400.5101
-0.6841545 400.5796
-0.6645734 400.6578
-0.6425218 400.7459
-0.6177581 400.8451
-0.5900416 400.9569
-0.5591428 401.0828
-0.5248546 401.2245
-0.4870235 401.384
-0.4455845 401.5632
-0.4005907 401.7647
-0.3522736 401.9906
-0.3010931 402.2437
-0.2478132 402.5265
-0.1935836 402.8412
-0.1399497 403.19
-0.08875648 403.5738
-0.04182258 403.9923
-0 396.7172
-0.007079188 397.0474
-0.0179481 397.3506
-0.03239212 397.6272
-0.04954174 397.8781
-0.06838546 398.1046
-0.08801145 398.3082
-0.1077024 398.4908
-0.1269249 398.6542
-0.1453081 398.8
-0.1626204 398.93
-0.1787269 399.0458
-0.193572 399.1488
-0.2071644 399.2404
-0.219546 399.3217
-0.2307777 399.3939
-0.240937 399.4579
-0.2501072 399.5147
-0.2583627 399.5651
-0.2657747 399.6096
-0.2724294 399.6489
-0.2784148 399.6837
-0.2838038 399.7144
-0.2886651 399.7414
-0.2930616 399.7652
-0.2970401 399.7861
-0.3006445 399.8043
-0.3039226 399.8203
-0.3069119 399.834
-0.3096452 399.8459
-0.3121551 399.8561
-0.3144697 399.8647
-0.3166084 399.8718
-0.3185718 399.8776
-0.3203629 399.8821
-0.3219989 399.8855
-0.3234905 399.8879
-0.3248339 399.8893
-0.3260152 399.8898
-0.3270277 399.8898
-0.3278776 399.8892
-0.3285808 399.8886
-0.3291709 399.8884
-0.3297341 399.889
-0.3304 399.8907
-0.3312724 399.8935
-0.3323804 399.897
-0.3336724 399.9007
-0.3350589 399.9043
-0.3364708 399.9078
-0.3378723 399.9109
-0.3392288 399.9138
-0.3405106 399.9164
-0.3416989 399.9188
-0.342788 399.9209
-0.3437843 399.9229
-0.344699 399.9247
-0.3455499 399.9263
-0.3463443 399.9277
-0.3470834 399.929
-0.3477688 399.9302
-0.3484043 399.9313
-0.349015 399.9323
-0.3496288 399.9332
-0.3502431 399.934
-0.3508446 399.9347
-0.3514239 399.9354
-0.3519919 399.9361
-0.3525812 399.9369
-0.3531943 399.9377
-0.3538096 399.9385
-0.3544215 399.9392
-0.3550306 399.9399
-0.3556332 399.9405
-0.3562338 399.9411
-0.3568502 399.9416
-0.3574854 399.9421
-0.3581255 399.9426
-0.3587567 399.9431
-0.3593681 399.9437
-0.3599693 399.9443
-0.3605849 399.9449
-0.3612058 399.9455
-0.3618098 399.9461
-0.3623945 399.9467
-0.3629654 399.9474
-0.3635236 399.9482
-0.3640631 399.949
-0.3645726 399.9498
-0.3650434 399.9506
-0.3654838 399.9516
-0.3659089 399.9525
-0.3663199 399.9536
-0.3667091 399.9547
-0.3670742 399.9559
-0.3674251 399.9571
-0.367778 399.9584
-0.3681317 399.9599
-0.3684783 399.9615
-0.368801 399.9633
-0.3690942 399.9653
-0.3693623 399.9676
-0.3695862 399.9702
-0.3697561 399.9729
-0.3698716 399.9759
-0.3699201 399.9791
-0.3698986 399.9827
-0.3698021 399.9867
-0.3696218 399.9912
-0.3693592 399.9962
-0.3690118 400.0017
-0.3685705 400.0079
-0.3680322 400.0149
-0.3673929 400.0226
-0.3666482 400.0314
-0.3657956 400.0412
-0.3648095 400.0522
-0.3636472 400.0646
-0.3622739 400.0784
-0.3606613 400.094
-0.3587789 400.1115
-0.3565894 400.1311
-0.3540566 400.1531
-0.3511413 400.1778
-0.3477969 400.2057
-0.3439707 400.237
-0.3396029 400.2723
-0.3346247 400.312
-0.3289605 400.3567
-0.3225301 400.407
-0.3152514 400.4637
-0.3070285 400.5274
-0.297751 400.5992
-0.287306 400.6799
-0.2755787 400.7707
-0.262462 400.8729
-0.2478626 400.9878
-0.2317054 401.117
-0.2139419 401.2623
-0.1945744 401.4254
-0.173678 401.6082
-0.1514227 401.813
-0.1281243 402.0418
-0.1042649 402.297
-0.08052286 402.5807
-0.05781624 402.8949
-0.03729504 403.2411
-0.02022748 403.6207
-0.007707822 404.0341
-0 396.7101
0.02146789 397.0366
0.03761581 397.3362
0.04928788 397.6101
0.05733264 397.8593
0.06253399 398.0849
0.06558116 398.2885
0.06704878 398.4716
0.06739207 398.6358
0.06696093 398.7827
0.06602004 398.9139
0.06477248 399.031
0.06336408 399.1352
0.06188678 399.228
0.06039877 399.3105
0.05894849 399.3837
0.05757117 399.4488
0.0562866 399.5065
0.05510634 399.5576
0.054036 399.6029
0.05307 399.6429
0.0521966 399.6783
0.05141154 399.7095
0.05070943 399.737
0.05007647 399.7612
0.04950521 399.7825
0.04899508 399.8011
0.04854024 399.8173
0.04813633 399.8313
0.04778497 399.8434
0.04748395 399.8538
0.04722391 399.8625
0.04700308 399.8698
0.04683957 399.8758
0.04674822 399.8805
0.04672717 399.884
0.04677836 399.8865
0.04691545 399.8881
0.04716242 399.8888
0.04753802 399.8889
0.0480433 399.8885
0.04866885 399.888
0.04937512 399.8878
0.05007772 399.8884
0.05066636 399.8899
0.05104762 399.8924
0.05118425 399.8957
0.05110745 399.8993
0.05089168 399.9029
0.0506081 399.9064
0.05030334 399.9096
0.0500102 399.9125
0.0497592 399.9152
0.04957198 399.9177
0.0494607 399.9199
0.04941948 399.922
0.04942987 399.9239
0.04947953 399.9255
0.04956542 399.927
0.04968856 399.9283
0.0498447 399.9296
0.05003411 399.9307
0.05024596 399.9317
0.05045385 399.9325
0.05065433 399.9334
0.05086021 399.9341
0.05107591 399.9348
0.051291 399.9355
0.05148571 399.9363
0.05165066 399.9371
0.05178999 399.9379
0.05190663 399.9386
0.05200508 399.9393
0.05209753 399.9399
0.05218892 399.9405
0.05226613 399.941
0.05231426 399.9415
0.05234424 399.942
0.05237449 399.9425
0.05241529 399.9431
0.05246565 399.9437
0.05250595 399.9443
0.05253136 399.9449
0.05256451 399.9455
0.05261641 399.9462
0.05267703 399.9469
0.05274129 399.9477
0.0528142 399.9485
0.05291559 399.9493
0.05304798 399.9502
0.05319191 399.9511
0.05333494 399.9521
0.05347983 399.9532
0.0536337 399.9543
0.053793 399.9555
0.05394642 399.9568
0.05408773 399.9581
0.05422027 399.9595
0.05434889 399.9611
0.05447283 399.963
0.05459393 399.9651
0.05472049 399.9674
0.05486124 399.97
0.05500783 399.9728
0.05515659 399.9758
0.05532346 399.9791
0.05551205 399.9828
0.05572461 399.9869
0.05596036 399.9915
0.05621093 399.9965
0.05647304 400.0022
0.05675121 400.0085
0.05705049 400.0155
0.05736577 400.0234
0.05768454 400.0322
0.05798878 400.0422
0.05826921 400.0534
0.05854777 400.066
0.05885398 400.08
0.05919739 400.0959
0.05957889 400.1136
0.0600058 400.1336
0.06048602 400.156
0.06102881 400.1812
0.06163835 400.2095
0.0623153 400.2414
0.06306913 400.2773
0.06391375 400.3176
0.06485916 400.3631
0.06591378 400.4143
0.06708546 400.4719
0.06838262 400.5367
0.06981275 400.6096
0.07138442 400.6916
0.07309827 400.7838
0.07493041 400.8875
0.07684075 401.0039
0.07877692 401.1348
0.0806542 401.2817
0.08234049 401.4463
0.08365133 401.6305
0.08433225 401.8363
0.084035 402.0657
0.08229911 402.3208
0.0785448 402.6034
0.0720589 402.9154
0.06197986 403.2582
0.04731464 403.6332
0.02700399 404.0418
-0 396.7316
0.04825279 397.0527
0.08963836 397.3479
0.1256716 397.6181
0.1572393 397.8645
0.1849478 398.088
0.2092803 398.29
0.2306699 398.472
0.2494968 398.6354
0.2660823 398.7818
0.2807062 398.9127
0.2936177 399.0296
0.3050361 399.1338
0.3151459 399.2265
0.3241047 399.309
0.3320544 399.3823
0.339123 399.4475
0.3454204 399.5053
0.3510388 399.5566
0.3560614 399.6019
0.3605637 399.6421
0.3646073 399.6775
0.3682462 399.7088
0.3715323 399.7364
0.3745055 399.7607
0.3772039 399.782
0.3796672 399.8006
0.3819253 399.8169
0.3840067 399.831
0.3859426 399.8431
0.387758 399.8535
0.3894701 399.8623
0.3910973 399.8697
0.3926618 399.8757
0.3941886 399.8804
0.3956975 399.8841
0.397207 399.8867
0.3987512 399.8883
0.4003673 399.8892
0.4020714 399.8894
0.4038637 399.8892
0.4057419 399.8887
0.4076727 399.8885
0.4095762 399.889
0.411354 399.8903
0.4129177 399.8925
0.4142162 399.8956
0.4152714 399.8991
0.4161514 399.9027
0.4169231 399.9061
0.4176457 399.9093
0.4183584 399.9123
0.4190908 399.915
0.4198624 399.9176
0.4206856 399.9199
0.4215531 399.922
0.4224462 399.9239
0.4233557 399.9256
0.42428 399.9271
0.4252253 399.9285
0.4261828 399.9298
0.4271479 399.9309
0.4281253 399.9319
0.4291044 399.9327
0.4300739 399.9336
0.4310355 399.9343
0.4319926 399.9351
0.4329381 399.9357
0.4338663 399.9364
0.4347718 399.9372
0.435637 399.938
0.4364582 399.9387
0.4372412 399.9394
0.4379972 399.94
0.43874 399.9405
0.4394692 399.941
0.4401789 399.9415
0.4408729 399.942
0.441561 399.9426
0.4422446 399.9431
0.4429266 399.9437
0.4436075 399.9443
0.4442664 399.9449
0.444909 399.9456
0.4455561 399.9462
0.4462064 399.9469
0.4468565 399.9477
0.4475093 399.9486
0.4481763 399.9494
0.4488598 399.9503
0.4495475 399.9513
0.4502222 399.9523
0.4508803 399.9533
0.4515314 399.9545
0.4521718 399.9557
0.4527907 399.9569
0.4533925 399.9582
0.4539851 399.9597
0.4545677 399.9613
0.455128 399.9631
0.455661 399.9652
0.4561725 399.9676
0.4566623 399.9701
0.4571163 399.9729
0.4575262 399.976
0.4579002 399.9793
0.4582428 399.983
0.4585515 399.9872
0.4588218 399.9917
0.4590483 399.9968
0.4592242 400.0024
0.4593385 400.0088
0.4593834 400.0158
0.4593493 400.0237
0.4592198 400.0325
0.4589716 400.0425
0.4585719 400.0537
0.4580043 400.0663
0.4572763 400.0804
0.4563904 400.0963
0.4553265 400.1141
0.4540571 400.1341
0.4525597 400.1565
0.4508146 400.1818
0.4487875 400.2102
0.4464354 400.2422
0.4437174 400.2781
0.4405858 400.3186
0.4369852 400.3642
0.4328604 400.4155
0.4281472 400.4732
0.4227697 400.5382
0.4166423 400.6112
0.4096658 400.6933
0.4017259 400.7856
0.3926866 400.8894
0.3823956 401.0059
0.3706886 401.1367
0.3573628 401.2834
0.3421771 401.4476
0.3248539 401.6312
0.3050698 401.836
0.2824621 402.064
0.25662 402.317
0.2270806 402.5969
0.1933197 402.9053
0.1547242 403.2436
0.1105173 403.6129
0.05957734 404.0148
-0 396.7798
0.07130558 397.0941
0.1355734 397.3839
0.1942542 397.6497
0.247922 397.8922
0.2968776 398.1123
0.3413602 398.3114
0.3816319 398.4908
0.4179845 398.652
0.4507147 398.7964
0.4801169 398.9256
0.5064835 399.041
0.5300983 399.1439
0.5512262 399.2355
0.5701194 399.317
0.587013 399.3894
0.6021195 399.4538
0.6156322 399.5109
0.6277236 399.5616
0.6385535 399.6064
0.6482726 399.6461
0.6570112 399.6812
0.6648777 399.7121
0.6719703 399.7394
0.67838 399.7634
0.6841908 399.7844
0.6894786 399.8029
0.6943078 399.8189
0.69874 399.8329
0.702836 399.8449
0.7066472 399.8552
0.7102177 399.8639
0.7135849 399.8712
0.716778 399.8772
0.7198332 399.882
0.7227913 399.8856
0.7256877 399.8882
0.7285674 399.89
0.7314746 399.8909
0.734428 399.8912
0.7374259 399.891
0.7404636 399.8907
0.7435201 399.8905
0.7465339 399.8907
0.7494165 399.8918
0.7520872 399.8938
0.7544815 399.8967
0.7565991 399.9
0.7585051 399.9034
0.7602674 399.9068
0.7619549 399.91
0.7636217 399.913
0.7652885 399.9158
0.7669637 399.9184
0.7686595 399.9208
0.77037 399.9229
0.7720854 399.9248
0.7738028 399.9265
0.7755158 399.9281
0.7772298 399.9295
0.7789441 399.9307
0.7806491 399.9319
0.7823522 399.9328
0.7840584 399.9337
0.7857552 399.9345
0.7874317 399.9353
0.7890876 399.936
0.7907208 399.9367
0.7923308 399.9373
0.7939114 399.9381
0.7954414 399.9388
0.796917 399.9395
0.7983482 399.9401
0.7997401 399.9407
0.8011037 399.9413
0.8024494 399.9417
0.8037881 399.9422
0.8051248 399.9427
0.8064605 399.9432
0.8077818 399.9438
0.8090814 399.9444
0.8103759 399.9449
0.811655 399.9456
0.8129007 399.9462
0.8141277 399.9469
0.8153505 399.9476
0.8165675 399.9484
0.8177814 399.9492
0.8189874 399.9501
0.8201843 399.951
0.8213771 399.952
0.8225527 399.9529
0.8237012 399.954
0.8248218 399.9551
0.8259095 399.9563
0.8269647 399.9575
0.8279968 399.9588
0.8290103 399.9602
0.8299944 399.9618
0.8309428 399.9636
0.8318555 399.9657
0.8327156 399.968
0.8335097 399.9706
0.8342323 399.9733
0.8348762 399.9764
0.8354456 399.9797
0.8359388 399.9834
0.8363386 399.9874
0.8366395 399.9919
0.8368415 399.997
0.8369347 400.0026
0.8368974 400.0088
0.8367013 400.0158
0.8363245 400.0236
0.8357485 400.0323
0.8349509 400.0421
0.8338965 400.0531
0.8325376 400.0655
0.8308355 400.0795
0.8287689 400.0952
0.8263096 400.1128
0.8234066 400.1326
0.8200097 400.1548
0.8160665 400.1798
0.8115065 400.2078
0.8062447 400.2394
0.8001918 400.275
0.7932547 400.315
0.7853194 400.36
0.7762576 400.4107
0.7659312 400.4678
0.7541811 400.532
0.7408377 400.6042
0.7257057 400.6854
0.7085581 400.7766
0.6891596 400.8791
0.6672565 400.9942
0.6425711 401.1234
0.6147843 401.2682
0.5835514 401.4303
0.5485178 401.6114
0.5093094 401.8134
0.4655505 402.0381
0.4168781 402.2875
0.362947 402.5632
0.3034287 402.8667
0.2380103 403.1993
0.1663065 403.562
0.08758383 403.9552
-0 396.8511
0.08951378 397.1584
0.1744965 397.4426
0.2545258 397.7034
0.3292693 397.9411
0.3985292 398.1568
0.4622548 398.3517
0.5205294 398.5271
0.5735544 398.6847
0.6216075 398.8258
0.6650087 398.952
0.7041036 399.0646
0.739245 399.165
0.7707829 399.2544
0.7990565 399.3339
0.8243848 399.4045
0.8470679 399.4673
0.8673844 399.523
0.885584 399.5724
0.9018958 399.6162
0.9165356 399.6548
0.9296991 399.689
0.9415517 399.7192
0.9522381 399.7458
0.9618953 399.7692
0.970645 399.7897
0.9785977 399.8077
0.9858541 399.8234
0.9925041 399.837
0.9986317 399.8487
1.004316 399.8588
1.009629 399.8673
1.014622 399.8744
1.019339 399.8803
1.023833 399.8849
1.02816 399.8885
1.03237 399.8911
1.036511 399.8929
1.040618 399.8939
1.044721 399.8942
1.048834 399.8941
1.052947 399.8937
1.057038 399.8935
1.061069 399.8936
1.064968 399.8945
1.068662 399.8962
1.072091 399.8988
1.075231 399.9019
1.078123 399.9052
1.080834 399.9085
1.08344 399.9117
1.086002 399.9147
1.088538 399.9175
1.091053 399.9201
1.093557 399.9225
1.096055 399.9246
1.098541 399.9265
1.101012 399.9283
1.103463 399.9298
1.105894 399.9312
1.108307 399.9324
1.110703 399.9336
1.113087 399.9345
1.115467 399.9354
1.117838 399.9362
1.120191 399.937
1.122516 399.9376
1.124802 399.9383
1.12705 399.9389
1.129256 399.9396
1.131405 399.9403
1.133489 399.9409
1.135522 399.9415
1.137509 399.9421
1.139455 399.9426
1.141384 399.9431
1.143321 399.9435
1.145267 399.944
1.147214 399.9446
1.14915 399.9451
1.151057 399.9457
1.152943 399.9462
1.15481 399.9468
1.156634 399.9474
1.158421 399.9481
1.160193 399.9488
1.161956 399.9496
1.163706 399.9505
1.165433 399.9513
1.167123 399.9522
1.168781 399.9531
1.170423 399.9541
1.172043 399.9551
1.173616 399.9562
1.175135 399.9573
1.176614 399.9585
1.178062 399.9598
1.179469 399.9612
1.180815 399.9628
1.182098 399.9645
1.183322 399.9666
1.184468 399.9688
1.185522 399.9713
1.186481 399.974
1.187327 399.9769
1.188058 399.9802
1.188674 399.9838
1.18915 399.9877
1.189476 399.9921
1.189652 399.9971
1.189658 400.0025
1.189464 400.0086
1.189038 400.0154
1.18834 400.023
1.187345 400.0315
1.186026 400.041
1.18434 400.0518
1.182228 400.0638
1.179623 400.0774
1.176456 400.0927
1.172677 400.1099
1.168231 400.1292
1.163037 400.1509
1.157007 400.1752
1.150047 400.2026
1.142035 400.2334
1.132834 400.268
1.122303 400.307
1.110278 400.351
1.096562 400.4004
1.080938 400.4561
1.063164 400.5187
1.042984 400.5891
1.020123 400.6682
0.9942694 400.7572
0.9650887 400.8572
0.9322232 400.9695
0.8952746 401.0956
0.8538095 401.237
0.8073836 401.3952
0.7555628 401.5722
0.6979167 401.7696
0.6340401 401.9894
0.5635981 402.2335
0.4863525 402.5036
0.4021841 402.8013
0.3111432 403.1276
0.2134708 403.4833
0.1095736 403.8676
-0 396.9406
0.1077279 397.2433
0.2132492 397.5226
0.3143234 397.7781
0.4097107 398.0104
0.4987206 398.2205
0.5810368 398.41
0.6566 398.5802
0.7255433 398.7327
0.7881491 398.8692
0.8447907 398.9911
0.8958833 399.0997
0.94186 399.1965
0.9831633 399.2826
1.020222 399.3592
1.053439 399.4272
1.083201 399.4876
1.109868 399.5412
1.133771 399.5887
1.155207 399.6308
1.174452 399.668
1.191753 399.7009
1.207327 399.7299
1.221367 399.7554
1.234055 399.7779
1.245548 399.7977
1.25599 399.815
1.265521 399.83
1.274254 399.8431
1.282292 399.8544
1.289736 399.8641
1.296676 399.8723
1.303188 399.8792
1.309334 399.8848
1.315181 399.8892
1.320794 399.8927
1.32623 399.8952
1.331542 399.897
1.336768 399.898
1.341942 399.8983
1.347092 399.8982
1.352216 399.8978
1.357289 399.8975
1.362285 399.8975
1.367153 399.8982
1.371824 399.8997
1.376247 399.9019
1.380386 399.9048
1.384248 399.9079
1.387893 399.9111
1.391397 399.9142
1.394818 399.9172
1.398185 399.92
1.401505 399.9226
1.404788 399.925
1.408045 399.9271
1.411273 399.929
1.414469 399.9307
1.417631 399.9322
1.420755 399.9336
1.423838 399.9348
1.426887 399.936
1.429915 399.9369
1.432926 399.9378
1.435925 399.9386
1.438917 399.9393
1.441879 399.9399
1.444788 399.9405
1.447642 399.9411
1.450443 399.9417
1.453182 399.9424
1.455854 399.9429
1.458466 399.9435
1.461026 399.9441
1.463541 399.9446
1.466042 399.945
1.468562 399.9455
1.471103 399.946
1.473646 399.9465
1.476171 399.947
1.47866 399.9476
1.481106 399.9481
1.483513 399.9486
1.48587 399.9492
1.488186 399.9499
1.490479 399.9506
1.492748 399.9514
1.494989 399.9522
1.497199 399.953
1.499368 399.9539
1.501488 399.9548
1.50358 399.9557
1.505647 399.9567
1.50766 399.9577
1.509602 399.9588
1.511484 399.96
1.513314 399.9612
1.515085 399.9626
1.516781 399.9641
1.518394 399.9658
1.519909 399.9677
1.521314 399.9699
1.522607 399.9723
1.523783 399.9748
1.524822 399.9777
1.525704 399.9808
1.526421 399.9842
1.526965 399.9881
1.52732 399.9923
1.527474 399.9971
1.527402 400.0023
1.527062 400.0082
1.52642 400.0147
1.525433 400.022
1.52406 400.0302
1.522263 400.0393
1.519992 400.0496
1.517171 400.0612
1.513723 400.0743
1.509554 400.089
1.504581 400.1055
1.498731 400.124
1.491903 400.1448
1.483972 400.1682
1.474805 400.1946
1.464252 400.2242
1.452143 400.2575
1.438287 400.295
1.422464 400.3373
1.404422 400.3848
1.383874 400.4383
1.360506 400.4985
1.333972 400.5662
1.303911 400.6424
1.269938 400.728
1.231627 400.8243
1.188508 400.9325
1.140069 401.0541
1.085764 401.1905
1.02504 401.3434
0.9573609 401.5145
0.8822123 401.7057
0.7991326 401.919
0.7077809 402.1563
0.6079892 402.4195
0.4998225 402.7102
0.3836753 403.03
0.2604069 403.3794
0.1315725 403.758
-0 397.0484
0.1299806 397.3489
0.2577242 397.6237
0.3805172 397.8735
0.4966845 398.0994
0.6052441 398.3029
0.7057198 398.4855
0.7979876 398.6491
0.882175 398.7954
0.9586083 398.9258
1.027746 399.0422
1.0901 399.1457
1.146201 399.2378
1.196591 399.3197
1.241795 399.3924
1.282311 399.457
1.318613 399.5143
1.351139 399.5651
1.380297 399.6102
1.406454 399.6501
1.42994 399.6853
1.451053 399.7165
1.470055 399.7439
1.487186 399.7681
1.50267 399.7894
1.516702 399.8081
1.529455 399.8245
1.541094 399.8388
1.551762 399.8512
1.561584 399.8619
1.570671 399.871
1.579129 399.8788
1.587057 399.8853
1.59454 399.8906
1.601655 399.8949
1.608471 399.8981
1.615051 399.9005
1.621457 399.9022
1.627738 399.9031
1.633926 399.9035
1.640057 399.9033
1.646148 399.9029
1.65218 399.9025
1.658126 399.9024
1.663941 399.9029
1.669563 399.9041
1.674947 399.9061
1.680056 399.9086
1.684873 399.9115
1.689447 399.9146
1.693852 399.9177
1.698136 399.9206
1.702334 399.9233
1.706466 399.9259
1.710535 399.9282
1.714549 399.9303
1.718512 399.9322
1.722423 399.9339
1.726286 399.9353
1.730094 399.9367
1.733841 399.9379
1.737539 399.939
1.741201 399.9399
1.744834 399.9408
1.748451 399.9416
1.752053 399.9422
1.755617 399.9428
1.759126 399.9434
1.762573 399.9439
1.765949 399.9445
1.769257 399.945
1.772508 399.9456
1.775698 399.9461
1.778828 399.9466
1.781913 399.9471
1.784986 399.9475
1.788078 399.948
1.791186 399.9485
1.794291 399.949
1.79736 399.9495
1.800378 399.95
1.803341 399.9505
1.806248 399.951
1.809107 399.9515
1.81193 399.9522
1.814725 399.9528
1.817476 399.9536
1.820174 399.9544
1.822832 399.9552
1.82546 399.956
1.828042 399.9569
1.830578 399.9578
1.83307 399.9587
1.835507 399.9597
1.837865 399.9607
1.840136 399.9618
1.84233 399.963
1.844448 399.9643
1.846479 399.9657
1.848415 399.9673
1.85023 399.9691
1.851909 399.9712
1.853453 399.9734
1.854854 399.9759
1.856102 399.9785
1.857167 399.9815
1.85802 399.9848
1.858654 399.9884
1.859059 399.9925
1.85921 399.997
1.859076 400.002
1.858617 400.0075
1.857792 400.0137
1.856561 400.0206
1.854868 400.0284
1.852652 400.0371
1.849854 400.0468
1.846398 400.0578
1.842192 400.0701
1.837138 400.084
1.831121 400.0996
1.824026 400.1172
1.815734 400.1369
1.806097 400.1591
1.794947 400.184
1.782098 400.2121
1.767343 400.2437
1.750453 400.2792
1.731163 400.3192
1.709166 400.3642
1.684125 400.4149
1.655664 400.472
1.62336 400.5362
1.586763 400.6084
1.545401 400.6897
1.498747 400.7812
1.446212 400.8841
1.38716 400.9998
1.320932 401.1298
1.246855 401.2757
1.164261 401.4394
1.07252 401.6227
0.9710816 401.8276
0.8595432 402.0565
0.7377275 402.3113
0.6057862 402.5941
0.4643296 402.9067
0.314593 403.2505
0.158686 403.6265
-0 397.1784
0.1559063 397.4766
0.3079922 397.7465
0.4536262 397.9897
0.5910338 398.208
0.7191434 398.4033
0.8374475 398.5778
0.9458647 398.7333
1.044613 398.8718
1.134122 398.995
1.214963 399.1045
1.287774 399.2018
1.353212 399.2882
1.41194 399.3649
1.464592 399.4329
1.511767 399.4933
1.554022 399.5468
1.591874 399.5943
1.625799 399.6363
1.656224 399.6735
1.683536 399.7064
1.708087 399.7355
1.730191 399.7611
1.750127 399.7836
1.768152 399.8034
1.7845 399.8209
1.799374 399.8361
1.812947 399.8494
1.825383 399.861
1.836831 399.871
1.847421 399.8795
1.857275 399.8867
1.866506 399.8928
1.875217 399.8977
1.883494 399.9017
1.891419 399.9047
1.899064 399.9069
1.906492 399.9085
1.913759 399.9093
1.920908 399.9096
1.927978 399.9094
1.935 399.9089
1.941969 399.9084
1.948851 399.9082
1.955597 399.9085
1.962149 399.9095
1.96846 399.9112
1.974501 399.9134
1.980258 399.9161
1.985771 399.919
1.99109 399.9219
1.996249 399.9248
2.001283 399.9275
2.00622 399.93
2.01107 399.9322
2.015834 399.9343
2.020516 399.9361
2.025125 399.9377
2.029668 399.9391
2.034146 399.9404
2.03855 399.9416
2.042894 399.9426
2.047189 399.9436
2.051442 399.9444
2.055662 399.9452
2.059849 399.9458
2.063993 399.9463
2.068082 399.9468
2.072107 399.9473
2.076051 399.9478
2.079916 399.9483
2.083724 399.9487
2.087486 399.9492
2.091195 399.9497
2.094852 399.9501
2.098491 399.9506
2.102138 399.9511
2.105783 399.9516
2.109404 399.9521
2.112979 399.9525
2.1165 399.953
2.119961 399.9534
2.123361 399.9538
2.126715 399.9544
2.130033 399.955
2.133318 399.9556
2.136555 399.9563
2.139719 399.957
2.142818 399.9578
2.145885 399.9586
2.148917 399.9594
2.151892 399.9603
2.1548 399.9611
2.157643 399.962
2.160408 399.963
2.163073 399.964
2.165641 399.9651
2.168113 399.9663
2.170481 399.9676
2.172735 399.9691
2.174853 399.9708
2.176819 399.9727
2.17863 399.9748
2.180276 399.9771
2.181743 399.9796
2.183006 399.9824
2.184029 399.9854
2.184791 399.9888
2.185278 399.9926
2.185463 399.9969
2.185309 400.0015
2.184774 400.0067
2.183818 400.0125
2.182398 400.0189
2.180456 400.0262
2.177911 400.0343
2.174675 400.0434
2.170667 400.0536
2.165794 400.065
2.159951 400.078
2.153012 400.0925
2.144821 400.1089
2.13523 400.1273
2.124078 400.1479
2.111173 400.1712
2.096295 400.1973
2.079199 400.2268
2.059613 400.2599
2.037231 400.2972
2.011707 400.3392
1.982653 400.3865
1.949634 400.4397
1.912166 400.4996
1.869724 400.567
1.821741 400.643
1.767582 400.7286
1.706535 400.825
1.637839 400.9336
1.560696 401.0557
1.47429 401.1932
1.377799 401.3476
1.270436 401.5212
1.151503 401.7161
1.020459 401.9347
0.8770189 402.1794
0.721286 402.4526
0.553906 402.757
0.3762302 403.0946
0.190498 403.4678
-0 397.3343
0.1847337 397.6287
0.3631767 397.8921
0.5328726 398.1271
0.6920791 398.3361
0.8397772 398.5216
0.9755624 398.6862
1.099511 398.8321
1.21203 398.9613
1.313739 399.0758
1.405378 399.1773
1.487744 399.2673
1.561647 399.347
1.627884 399.4176
1.687216 399.4801
1.740341 399.5355
1.787905 399.5847
1.830498 399.6282
1.868662 399.6668
1.902879 399.7009
1.93359 399.731
1.961199 399.7576
1.986065 399.781
2.008504 399.8016
2.028799 399.8198
2.047209 399.8357
2.063963 399.8497
2.079258 399.8619
2.093273 399.8724
2.106172 399.8815
2.118103 399.8894
2.12921 399.896
2.13962 399.9015
2.149441 399.906
2.15877 399.9096
2.167704 399.9123
2.176328 399.9144
2.184707 399.9157
2.192896 399.9165
2.200947 399.9167
2.208914 399.9164
2.21683 399.9159
2.2247 399.9153
2.232496 399.9149
2.240168 399.915
2.247659 399.9158
2.254906 399.9172
2.261878 399.9192
2.268579 399.9216
2.275035 399.9243
2.281276 399.9271
2.287321 399.9298
2.293193 399.9324
2.298919 399.9348
2.304519 399.937
2.31 399.939
2.315373 399.9407
2.320651 399.9423
2.32585 399.9436
2.330974 399.9448
2.336019 399.9459
2.340983 399.9469
2.345879 399.9478
2.350713 399.9486
2.355493 399.9493
2.360226 399.95
2.364916 399.9504
2.369555 399.9508
2.37413 399.9512
2.378629 399.9517
2.383049 399.9521
2.3874 399.9525
2.391704 399.9529
2.395969 399.9533
2.400188 399.9538
2.404379 399.9543
2.408559 399.9548
2.41273 399.9552
2.41687 399.9557
2.420963 399.9561
2.425002 399.9564
2.428979 399.9568
2.4329 399.9572
2.436768 399.9577
2.440579 399.9582
2.444347 399.9588
2.448071 399.9595
2.45173 399.9601
2.455309 399.9609
2.458827 399.9616
2.462304 399.9624
2.465717 399.9632
2.46904 399.964
2.472272 399.9648
2.475412 399.9656
2.478452 399.9666
2.481388 399.9676
2.484222 399.9687
2.48695 399.9699
2.489554 399.9712
2.492005 399.9728
2.494284 399.9745
2.496381 399.9765
2.49829 399.9786
2.49999 399.9809
2.501454 399.9834
2.502661 399.9862
2.503584 399.9893
2.504182 399.9928
2.504434 399.9967
2.50431 400.001
2.503764 400.0058
2.502743 400.0111
2.501192 400.017
2.499053 400.0236
2.496243 400.031
2.492663 400.0394
2.488208 400.0487
2.482771 400.0592
2.476241 400.071
2.468488 400.0843
2.459349 400.0993
2.448651 400.1161
2.436204 400.135
2.421788 400.1563
2.405153 400.1802
2.386028 400.2072
2.364105 400.2375
2.339039 400.2717
2.310442 400.3101
2.277877 400.3534
2.240855 400.4022
2.198836 400.4571
2.151229 400.5191
2.097374 400.5889
2.036531 400.6676
1.967881 400.7564
1.890538 400.8564
1.803551 400.9693
1.705926 401.0967
1.596654 401.2403
1.474742 401.4023
1.339273 401.5851
1.18947 401.7912
1.024816 402.0236
0.8452241 402.2853
0.6512088 402.5793
0.4440596 402.9089
0.2259642 403.2773
-0 397.519
0.2160239 397.8071
0.4226522 398.0618
0.617585 398.2863
0.799111 398.4838
0.9663559 398.6574
1.119162 398.8101
1.257891 398.9446
1.383247 399.063
1.496129 399.1675
1.59752 399.2597
1.688424 399.3412
1.769828 399.4132
1.842673 399.4769
1.907843 399.5332
1.96615 399.5831
2.018327 399.6273
2.065035 399.6664
2.106873 399.701
2.144375 399.7316
2.178032 399.7586
2.208286 399.7824
2.235539 399.8034
2.26014 399.8219
2.282404 399.8382
2.302604 399.8525
2.32098 399.865
2.337757 399.8759
2.353141 399.8853
2.367309 399.8935
2.380422 399.9005
2.392638 399.9064
2.404098 399.9113
2.414914 399.9153
2.42519 399.9185
2.435033 399.921
2.444541 399.9228
2.453795 399.9239
2.462854 399.9245
2.471774 399.9246
2.480599 399.9243
2.489368 399.9238
2.498103 399.9231
2.506796 399.9226
2.515392 399.9225
2.523825 399.923
2.532035 399.9242
2.539984 399.9259
2.547657 399.9281
2.555064 399.9306
2.562226 399.9331
2.569166 399.9357
2.575899 399.9381
2.582428 399.9404
2.588772 399.9425
2.594955 399.9444
2.601 399.946
2.606923 399.9475
2.612738 399.9487
2.618456 399.9499
2.624081 399.9509
2.629609 399.9518
2.635049 399.9527
2.640417 399.9534
2.645722 399.9541
2.650968 399.9546
2.656163 399.9551
2.661308 399.9554
2.666396 399.9557
2.671422 399.9561
2.676384 399.9564
2.68127 399.9568
2.686096 399.9572
2.690879 399.9575
2.695628 399.958
2.700339 399.9585
2.705016 399.9589
2.709671 399.9594
2.714303 399.9598
2.718891 399.9601
2.723426 399.9604
2.72791 399.9607
2.732344 399.9611
2.736714 399.9615
2.741005 399.962
2.745227 399.9626
2.749399 399.9631
2.753525 399.9637
2.75759 399.9644
2.761577 399.9651
2.76549 399.9658
2.769318 399.9665
2.773038 399.9672
2.776643 399.9679
2.780143 399.9687
2.783536 399.9695
2.786816 399.9704
2.789993 399.9714
2.793073 399.9725
2.796033 399.9737
2.798838 399.975
2.80146 399.9766
2.803875 399.9784
2.806067 399.9803
2.808015 399.9823
2.8097 399.9846
2.811106 399.9871
2.812203 399.9899
2.812947 399.9931
2.813305 399.9966
2.813249 400.0004
2.812733 400.0047
2.811696 400.0095
2.810066 400.0149
2.807771 400.0208
2.804736 400.0274
2.800872 400.0349
2.796064 400.0433
2.790195 400.0527
2.783137 400.0633
2.774738 400.0752
2.764831 400.0886
2.753226 400.1037
2.739706 400.1206
2.724029 400.1397
2.705929 400.1611
2.685107 400.1853
2.661224 400.2125
2.633901 400.2431
2.602712 400.2776
2.567175 400.3164
2.526753 400.3602
2.480858 400.4095
2.428827 400.4652
2.369908 400.528
2.303268 400.599
2.227987 400.679
2.143054 400.7694
2.047372 400.8717
1.939751 400.9874
1.818955 401.1184
1.683737 401.2668
1.532878 401.4353
1.365246 401.6266
1.179953 401.844
0.9765473 402.0912
0.7552446 402.3721
0.5171636 402.6908
0.2644534 403.0513
-0 397.735
0.2484691 398.0138
0.4849492 398.2567
0.7062599 398.4678
0.9105065 398.651
1.097051 398.8102
1.266166 398.9489
1.418679 399.0699
1.555723 399.1759
1.678566 399.2689
1.788505 399.3506
1.886794 399.4226
1.97462 399.486
2.053074 399.5421
2.123164 399.5915
2.185813 399.6353
2.241844 399.674
2.291983 399.7082
2.336875 399.7385
2.377105 399.7652
2.413203 399.7888
2.445648 399.8097
2.474875 399.828
2.501268 399.8442
2.525163 399.8584
2.546853 399.8709
2.566593 399.8818
2.584619 399.8913
2.601155 399.8995
2.616401 399.9066
2.630533 399.9127
2.64371 399.9178
2.656074 399.9221
2.667752 399.9256
2.678859 399.9284
2.689511 399.9305
2.699806 399.932
2.709833 399.933
2.719678 399.9334
2.729408 399.9335
2.739056 399.9331
2.748644 399.9325
2.758211 399.9318
2.767765 399.9312
2.777259 399.931
2.786621 399.9312
2.795789 399.9321
2.804712 399.9336
2.813352 399.9355
2.821702 399.9377
2.829774 399.9401
2.837589 399.9424
2.845168 399.9447
2.852508 399.9467
2.859613 399.9487
2.866508 399.9504
2.873224 399.9519
2.879779 399.9533
2.886184 399.9545
2.892454 399.9555
2.898606 399.9564
2.904649 399.9573
2.910599 399.958
2.916474 399.9587
2.922278 399.9593
2.928007 399.9598
2.933672 399.9602
2.939283 399.9605
2.944844 399.9608
2.950361 399.961
2.95582 399.9613
2.961212 399.9616
2.966547 399.962
2.971846 399.9623
2.977114 399.9627
2.982326 399.9631
2.987474 399.9636
2.992581 399.964
2.997648 399.9643
3.002664 399.9646
3.007624 399.9649
3.012542 399.9652
3.017416 399.9654
3.022232 399.9658
3.026971 399.9662
3.031627 399.9667
3.036219 399.9672
3.040758 399.9678
3.045243 399.9684
3.049654 399.969
3.05397 399.9696
3.058182 399.9702
3.062277 399.9708
3.066249 399.9714
3.070107 399.9721
3.073855 399.9728
3.077479 399.9736
3.080988 399.9745
3.084393 399.9754
3.087675 399.9765
3.090803 399.9777
3.093749 399.9791
3.096474 399.9806
3.098941 399.9822
3.101132 399.984
3.103043 399.986
3.104662 399.9882
3.105952 399.9907
3.106873 399.9934
3.107378 399.9965
3.107426 399.9999
3.106969 400.0037
3.10595 400.0079
3.104298 400.0126
3.10193 400.0178
3.098761 400.0236
3.094695 400.0301
3.089621 400.0374
3.083429 400.0456
3.075982 400.0549
3.067108 400.0653
3.056618 400.077
3.044301 400.0901
3.029927 400.1049
3.013243 400.1216
2.993972 400.1403
2.971796 400.1614
2.946351 400.1851
2.917228 400.2119
2.883965 400.242
2.846041 400.276
2.80288 400.3143
2.753841 400.3575
2.698185 400.4063
2.635086 400.4614
2.563631 400.5237
2.482805 400.5941
2.391474 400.6738
2.288384 400.7641
2.172153 400.8666
2.041296 400.9832
1.89426 401.116
1.729433 401.2676
1.545211 401.4413
1.340164 401.6406
1.113257 401.8699
0.864169 402.1341
0.5937279 402.4381
0.3043377 402.7869
-0 397.9835
0.2835611 398.2502
0.5523837 398.4781
0.8013859 398.6721
1.028525 398.8376
1.233722 398.9793
1.417993 399.1014
1.582886 399.207
1.730135 399.2987
1.861476 399.3788
1.978563 399.4489
2.082936 399.5104
2.175985 399.5645
2.258955 399.6122
2.332973 399.6542
2.399065 399.6913
2.458129 399.7241
2.510953 399.7531
2.558232 399.7787
2.600594 399.8013
2.638609 399.8213
2.672782 399.8389
2.703569 399.8544
2.731373 399.8681
2.75655 399.8801
2.77941 399.8906
2.800228 399.8998
2.819253 399.9078
2.836717 399.9147
2.852834 399.9207
2.867798 399.9259
2.881764 399.9302
2.894873 399.9338
2.907266 399.9367
2.919078 399.939
2.93043 399.9408
2.941416 399.942
2.952123 399.9428
2.962648 399.9432
2.973073 399.9431
2.983445 399.9427
2.993797 399.9421
3.00415 399.9414
3.0145 399.9407
3.024831 399.9403
3.035088 399.9404
3.045185 399.9411
3.055044 399.9422
3.064619 399.9438
3.073889 399.9458
3.08286 399.9479
3.091538 399.95
3.099929 399.952
3.108051 399.9538
3.115905 399.9556
3.123503 399.9571
3.13088 399.9585
3.13806 399.9597
3.145055 399.9607
3.151879 399.9616
3.158562 399.9625
3.165118 399.9632
3.171565 399.9639
3.177923 399.9645
3.184195 399.9651
3.190376 399.9655
3.196481 399.9658
3.202528 399.9661
3.208524 399.9663
3.214483 399.9665
3.220406 399.9667
3.226278 399.967
3.232098 399.9673
3.237881 399.9675
3.24363 399.9679
3.24932 399.9683
3.254925 399.9687
3.260455 399.9691
3.265925 399.9694
3.271338 399.9696
3.276697 399.9698
3.282008 399.97
3.287273 399.9702
3.29249 399.9705
3.297649 399.9709
3.302733 399.9713
3.307747 399.9718
3.312693 399.9723
3.317562 399.9728
3.322341 399.9733
3.327016 399.9738
3.331581 399.9743
3.336038 399.9748
3.34038 399.9753
3.344607 399.9758
3.34872 399.9764
3.352705 399.9771
3.356562 399.9779
3.360296 399.9787
3.363891 399.9796
3.367329 399.9806
3.370582 399.9818
3.373604 399.9831
3.376352 399.9844
3.378812 399.9859
3.380984 399.9876
3.382852 399.9895
3.38438 399.9916
3.385518 399.9939
3.386215 399.9966
3.386424 399.9995
3.386091 400.0027
3.385152 400.0062
3.383546 400.0102
3.381195 400.0146
3.378003 400.0195
3.373863 400.025
3.368659 400.0312
3.362272 400.0382
3.354563 400.046
3.345358 400.0548
3.33446 400.0647
3.321645 400.0758
3.306668 400.0882
3.289272 400.1023
3.269158 400.1181
3.245984 400.1359
3.219377 400.156
3.188911 400.1786
3.154098 400.2041
3.114383 400.2328
3.069151 400.2652
3.017711 400.3018
2.959271 400.3432
2.892943 400.3899
2.817742 400.4428
2.732562 400.5027
2.636152 400.5707
2.527107 400.6478
2.403855 400.7357
2.264654 400.8361
2.107595 400.9511
1.930602 401.0834
1.731484 401.2362
1.508072 401.4137
1.258442 401.6209
0.9813286 401.8636
0.6768506 402.1487
0.3476064 402.4825
-0 398.267
0.3268873 398.5191
0.6323751 398.7271
0.9105187 398.8992
1.160166 399.0428
1.382637 399.1636
1.580247 399.2663
1.755574 399.3542
1.911122 399.4301
2.049181 399.4959
2.171797 399.5532
2.280782 399.6034
2.377733 399.6475
2.464045 399.6862
2.540957 399.7203
2.609566 399.7504
2.670831 399.7769
2.725589 399.8004
2.774589 399.8211
2.818496 399.8393
2.857903 399.8555
2.893336 399.8697
2.925263 399.8822
2.954099 399.8933
2.98021 399.903
3.003922 399.9114
3.025533 399.9188
3.045305 399.9253
3.063478 399.9309
3.080268 399.9357
3.095871 399.9398
3.110452 399.9433
3.124158 399.9462
3.137132 399.9485
3.149515 399.9504
3.161437 399.9518
3.173001 399.9527
3.184291 399.9534
3.195395 399.9536
3.206393 399.9535
3.217359 399.953
3.228364 399.9524
3.23942 399.9517
3.250514 399.951
3.261641 399.9506
3.272757 399.9505
3.283765 399.9509
3.294561 399.9518
3.305081 399.9531
3.315285 399.9548
3.325169 399.9566
3.334727 399.9584
3.343942 399.9601
3.352827 399.9617
3.361402 399.9632
3.369684 399.9645
3.377697 399.9657
3.385476 399.9667
3.393046 399.9676
3.400423 399.9683
3.407641 399.969
3.414715 399.9697
3.421651 399.9703
3.428474 399.9708
3.435193 399.9712
3.441813 399.9716
3.448346 399.9719
3.454811 399.9721
3.461217 399.9722
3.467579 399.9724
3.473919 399.9726
3.48023 399.9728
3.486491 399.973
3.492701 399.9733
3.498861 399.9736
3.504964 399.9739
3.510989 399.9742
3.516922 399.9745
3.522778 399.9748
3.528577 399.975
3.534327 399.9751
3.540032 399.9753
3.545691 399.9755
3.551299 399.9757
3.55685 399.976
3.562329 399.9763
3.567733 399.9767
3.573064 399.9771
3.578308 399.9776
3.583449 399.978
3.588475 399.9784
3.593388 399.9788
3.598195 399.9791
3.602902 399.9795
3.607509 399.9799
3.612007 399.9804
3.616387 399.981
3.620635 399.9816
3.624739 399.9823
3.62869 399.983
3.632477 399.9839
3.636068 399.9848
3.639415 399.9858
3.64249 399.9869
3.645285 399.9881
3.647782 399.9895
3.64995 399.991
3.651755 399.9927
3.653149 399.9946
3.654078 399.9968
3.654491 399.9991
3.654336 400.0017
3.653546 400.0046
3.652057 400.0078
3.649796 400.0114
3.646671 400.0154
3.642572 400.0198
3.637371 400.0248
3.630934 400.0305
3.623114 400.0368
3.61374 400.0439
3.602618 400.0518
3.589529 400.0608
3.574221 400.0708
3.556421 400.0822
3.535818 400.0949
3.512053 400.1093
3.484724 400.1256
3.453389 400.1438
3.417553 400.1644
3.376653 400.1876
3.330036 400.2138
3.276974 400.2434
3.216642 400.2769
3.1481 400.3147
3.070298 400.3577
2.982047 400.4063
2.881994 400.4616
2.768604 400.5246
2.640129 400.5965
2.494569 400.6791
2.329648 400.7741
2.142801 400.8843
1.931163 401.0128
1.691611 401.1641
1.420932 401.3437
1.116228 401.5591
0.7758514 401.8195
0.4012776 402.1349
-0 398.5939
0.3818106 398.8245
0.7290966 399.0052
1.036953 399.1488
1.307375 399.2652
1.5445 399.3612
1.752669 399.4416
1.935803 399.5098
2.097272 399.5681
2.23994 399.6185
2.366228 399.6622
2.478197 399.7004
2.577617 399.7338
2.666023 399.7631
2.744735 399.7889
2.814899 399.8116
2.877511 399.8317
2.933453 399.8494
2.983507 399.865
3.028369 399.8787
3.068643 399.8909
3.104863 399.9016
3.137507 399.9111
3.167 399.9194
3.193714 399.9267
3.217983 399.933
3.24012 399.9386
3.260402 399.9434
3.27907 399.9476
3.296336 399.9513
3.312393 399.9544
3.327413 399.957
3.341551 399.9592
3.354955 399.9609
3.367761 399.9623
3.380097 399.9633
3.392083 399.964
3.403813 399.9645
3.415368 399.9646
3.426833 399.9644
3.438306 399.9641
3.449863 399.9635
3.461529 399.9628
3.473309 399.9622
3.485205 399.9617
3.497163 399.9615
3.509078 399.9617
3.520837 399.9623
3.532342 399.9633
3.543522 399.9647
3.554336 399.9661
3.564765 399.9676
3.574793 399.969
3.584428 399.9703
3.593706 399.9714
3.60265 399.9725
3.611276 399.9735
3.619615 399.9743
3.627715 399.9749
3.635615 399.9755
3.643341 399.9761
3.650905 399.9766
3.658317 399.9771
3.66559 399.9775
3.67274 399.9779
3.679783 399.9781
3.686732 399.9783
3.693605 399.9785
3.70042 399.9786
3.707189 399.9788
3.713921 399.9789
3.720614 399.9791
3.727254 399.9792
3.733833 399.9795
3.740354 399.9797
3.746815 399.9799
3.753207 399.9802
3.759515 399.9804
3.765742 399.9806
3.771904 399.9807
3.778015 399.9808
3.784084 399.981
3.790115 399.9811
3.796097 399.9812
3.802014 399.9815
3.807856 399.9817
3.813611 399.9821
3.819282 399.9824
3.824858 399.9827
3.83033 399.983
3.835701 399.9833
3.840969 399.9836
3.846135 399.9838
3.851206 399.9841
3.856183 399.9844
3.861056 399.9848
3.865819 399.9852
3.870445 399.9857
3.874914 399.9863
3.879219 399.9868
3.883347 399.9875
3.887261 399.9881
3.890931 399.9889
3.894343 399.9897
3.897481 399.9906
3.90031 399.9916
3.902789 399.9928
3.904879 399.9941
3.906544 399.9956
3.907729 399.9972
3.908379 399.999
3.908443 400.001
3.907861 400.0031
3.906561 400.0056
3.904463 400.0083
3.901477 400.0113
3.897497 400.0146
3.8924 400.0184
3.886044 400.0226
3.878269 400.0274
3.868906 400.0328
3.857763 400.0388
3.844618 400.0455
3.829224 400.053
3.811297 400.0616
3.790524 400.0712
3.766547 400.082
3.738948 400.0942
3.707259 400.108
3.670968 400.1235
3.629506 400.141
3.582215 400.1607
3.528346 400.1831
3.467051 400.2083
3.397358 400.2369
3.318165 400.2694
3.228214 400.3063
3.126066 400.3482
3.01008 400.3961
2.878362 400.451
2.7287 400.5141
2.558498 400.5873
2.364726 400.6727
2.143819 400.7733
1.891565 400.8934
1.60307 401.039
1.272907 401.2188
0.8958839 401.4449
0.4695059 401.7336
-0 398.9757
0.4541982 399.1718
0.8473047 399.3131
1.182312 399.4193
1.469033 399.5023
1.716282 399.5694
1.930987 399.6247
2.1185 399.6712
2.28301 399.7108
2.427855 399.7448
2.555753 399.7742
2.668952 399.7998
2.76934 399.8222
2.858531 399.8418
2.937894 399.859
3.008604 399.8742
3.07169 399.8876
3.128052 399.8994
3.178485 399.9098
3.223694 399.919
3.264297 399.9271
3.300831 399.9343
3.333773 399.9406
3.363548 399.9461
3.390534 399.9509
3.415075 399.9552
3.437486 399.9589
3.458038 399.9621
3.47697 399.9649
3.494493 399.9673
3.510797 399.9694
3.526056 399.9712
3.540437 399.9726
3.554095 399.9737
3.567163 399.9746
3.579763 399.9753
3.592021 399.9758
3.604046 399.976
3.615926 399.9761
3.627761 399.9759
3.639654 399.9756
3.651673 399.9751
3.663869 399.9746
3.676271 399.9741
3.688883 399.9736
3.70165 399.9734
3.714464 399.9735
3.727203 399.9738
3.739743 399.9745
3.75195 399.9755
3.763715 399.9766
3.775006 399.9776
3.785818 399.9786
3.796172 399.9796
3.806109 399.9804
3.815664 399.9811
3.824855 399.9818
3.833717 399.9824
3.842306 399.9828
3.850674 399.9833
3.858845 399.9837
3.866836 399.984
3.874663 399.9844
3.882332 399.9847
3.889856 399.9849
3.897261 399.9851
3.904572 399.9852
3.911815 399.9853
3.919017 399.9854
3.926176 399.9855
3.933278 399.9856
3.940321 399.9857
3.947303 399.9858
3.954215 399.986
3.961063 399.9861
3.96785 399.9863
3.974562 399.9865
3.981188 399.9866
3.987736 399.9867
3.994225 399.9868
4.000664 399.9869
4.007055 399.987
4.013414 399.9871
4.019738 399.9872
4.026009 399.9873
4.032204 399.9875
4.038293 399.9877
4.04427 399.988
4.050138 399.9882
4.055905 399.9884
4.061577 399.9886
4.067158 399.9887
4.072654 399.9889
4.078065 399.9891
4.083384 399.9893
4.088599 399.9895
4.09369 399.9898
4.098628 399.9902
4.103393 399.9906
4.107986 399.991
4.112393 399.9914
4.116582 399.9918
4.120541 399.9923
4.12426 399.9928
4.127709 399.9934
4.130843 399.9941
4.13362 399.9949
4.136002 399.9958
4.137958 399.9967
4.139435 399.9978
4.140366 399.999
4.140694 400.0004
4.140363 400.0018
4.139299 400.0035
4.13742 400.0053
4.134638 400.0073
4.13085 400.0095
4.125946 400.012
4.119781 400.0149
4.112191 400.0181
4.103002 400.0216
4.09202 400.0256
4.079034 400.0301
4.063798 400.0351
4.046027 400.0408
4.025397 400.0472
4.001551 400.0544
3.974086 400.0625
3.942531 400.0717
3.906361 400.082
3.86499 400.0937
3.817757 400.1069
3.763908 400.1218
3.702582 400.1386
3.632796 400.1578
3.55342 400.1795
3.463155 400.2041
3.360516 400.2323
3.24379 400.2644
3.110989 400.3013
2.959757 400.3439
2.787275 400.3935
2.590148 400.4517
2.364211 400.521
2.104239 400.6049
1.803545 400.7089
1.45347 400.8417
1.042956 401.0185
0.5596781 401.2641
-0 399.4299
0.5700571 399.5649
1.005117 399.6481
1.357052 399.706
1.651071 399.7496
1.901474 399.7841
2.117379 399.8123
2.305122 399.8357
2.469375 399.8556
2.61373 399.8727
2.741043 399.8874
2.853641 399.9002
2.953447 399.9114
3.042079 399.9212
3.12092 399.9298
3.19116 399.9373
3.253839 399.944
3.309855 399.9499
3.359992 399.955
3.404948 399.9596
3.445332 399.9636
3.481685 399.9672
3.51448 399.9703
3.544144 399.9731
3.571065 399.9755
3.595586 399.9776
3.618003 399.9794
3.63858 399.981
3.657548 399.9824
3.675117 399.9836
3.691474 399.9847
3.706795 399.9855
3.721254 399.9862
3.735017 399.9868
3.748222 399.9872
3.760987 399.9876
3.773421 399.9878
3.785633 399.9879
3.797738 399.9879
3.809841 399.9878
3.822035 399.9876
3.834408 399.9873
3.847066 399.987
3.860076 399.9867
3.873406 399.9864
3.886991 399.9862
3.900746 399.9862
3.914534 399.9864
3.928181 399.9867
3.941477 399.9872
3.954235 399.9879
3.966375 399.9884
3.977925 399.989
3.988934 399.9895
3.99944 399.9899
4.009497 399.9903
4.019172 399.9907
4.028518 399.9909
4.037571 399.9912
4.046366 399.9914
4.054923 399.9917
4.063265 399.9918
4.071419 399.992
4.079396 399.9922
4.08722 399.9923
4.094918 399.9924
4.102521 399.9925
4.110067 399.9925
4.117577 399.9925
4.125038 399.9926
4.132446 399.9926
4.139813 399.9927
4.147136 399.9927
4.154396 399.9928
4.161572 399.9929
4.168651 399.993
4.175634 399.9931
4.182525 399.9932
4.189346 399.9932
4.196119 399.9933
4.202859 399.9933
4.209564 399.9933
4.216223 399.9934
4.222844 399.9934
4.22942 399.9935
4.235927 399.9936
4.242339 399.9937
4.24863 399.9938
4.254799 399.994
4.260847 399.9941
4.266783 399.9942
4.272627 399.9942
4.278392 399.9943
4.284079 399.9944
4.289674 399.9945
4.295165 399.9946
4.300537 399.9948
4.305764 399.9949
4.310815 399.9952
4.315662 399.9954
4.320303 399.9956
4.324744 399.9958
4.32897 399.996
4.332959 399.9963
4.336691 399.9966
4.340129 399.9969
4.343227 399.9973
4.345938 399.9977
4.348209 399.9982
4.349992 399.9988
4.351225 399.9994
4.351848 400
4.351808 400.0008
4.35103 400.0016
4.349431 400.0025
4.346921 400.0035
4.343411 400.0046
4.338792 400.0059
4.332924 400.0073
4.325648 400.0089
4.316785 400.0106
4.306145 400.0126
4.293522 400.0148
4.278679 400.0173
4.261333 400.0202
4.241164 400.0234
4.217813 400.0269
4.190879 400.031
4.159907 400.0355
4.124376 400.0407
4.083703 400.0465
4.037231 400.053
3.984206 400.0604
3.923764 400.0688
3.854921 400.0784
3.776545 400.0892
3.687348 400.1015
3.585851 400.1155
3.470323 400.1316
3.338725 400.1501
3.188647 400.1715
3.01719 400.1964
2.820796 400.2258
2.59499 400.261
2.333942 400.3042
2.029719 400.3588
1.670924 400.4312
1.239699 400.5352
0.7044628 400.7045

