15.5 1 26 -39.5 1 149
4.51188e-14
4.51484e-14
4.51732e-14
4.52021e-14
4.5232e-14
4.52579e-14
4.52978e-14
4.53357e-14
4.5373e-14
4.54149e-14
4.54469e-14
4.54781e-14
4.55113e-14
4.55472e-14
4.55923e-14
4.56302e-14
4.56663e-14
4.57068e-14
4.57474e-14
4.57852e-14
4.58131e-14
4.58522e-14
4.58898e-14
4.59288e-14
4.59654e-14
4.60116e-14
4.60511e-14
4.60984e-14
4.61317e-14
4.61706e-14
4.62216e-14
4.62628e-14
4.63089e-14
4.63557e-14
4.64053e-14
4.64561e-14
4.65088e-14
4.65582e-14
4.6635e-14
4.67344e-14
4.69177e-14
4.73181e-14
4.77673e-14
4.80547e-14
4.82078e-14
4.83074e-14
4.83997e-14
4.84787e-14
4.85632e-14
4.86494e-14
4.87312e-14
4.88314e-14
4.89243e-14
4.90275e-14
4.912e-14
4.92232e-14
4.9329e-14
4.94429e-14
4.95574e-14
4.96661e-14
4.97671e-14
4.98581e-14
4.9941e-14
5.00172e-14
5.01118e-14
5.0211e-14
5.03183e-14
5.04184e-14
5.05083e-14
5.05955e-14
5.06667e-14
5.07737e-14
5.09063e-14
5.09893e-14
5.10716e-14
5.11636e-14
5.12431e-14
5.13241e-14
5.14169e-14
5.15152e-14
5.16184e-14
5.17234e-14
5.1798e-14
5.18763e-14
5.19489e-14
5.20228e-14
5.21234e-14
5.2202e-14
5.22626e-14
5.23387e-14
5.24004e-14
5.24825e-14
5.25604e-14
5.26416e-14
5.27249e-14
5.28097e-14
5.2891e-14
5.2985e-14
5.30566e-14
5.31204e-14
5.321e-14
5.32788e-14
5.33512e-14
5.34272e-14
5.34916e-14
5.35777e-14
5.36578e-14
5.37339e-14
5.38152e-14
5.38786e-14
5.39465e-14
5.40355e-14
5.41069e-14
5.41714e-14
5.42515e-14
5.43276e-14
5.44007e-14
5.44724e-14
5.4535e-14
5.45936e-14
5.46471e-14
5.47172e-14
5.47804e-14
5.48494e-14
5.49163e-14
5.49798e-14
5.50432e-14
5.5104e-14
5.51649e-14
5.522e-14
5.52726e-14
5.53316e-14
5.53804e-14
5.5421e-14
5.54653e-14
5.55189e-14
5.55781e-14
5.56262e-14
5.57005e-14
5.57595e-14
5.58251e-14
5.58862e-14
5.59581e-14
5.60361e-14
5.60885e-14
5.61563e-14
5.6235e-14
5.63031e-14
5.63663e-14
4.53403e-14
4.53686e-14
4.5391e-14
4.5411e-14
4.54404e-14
4.54683e-14
4.54933e-14
4.55304e-14
4.55761e-14
4.56163e-14
4.56497e-14
4.56832e-14
4.57192e-14
4.57603e-14
4.5801e-14
4.58458e-14
4.58857e-14
4.59242e-14
4.59626e-14
4.60039e-14
4.60371e-14
4.60765e-14
4.61108e-14
4.61475e-14
4.61871e-14
4.62333e-14
4.62702e-14
4.63168e-14
4.63571e-14
4.63964e-14
4.64544e-14
4.65032e-14
4.65492e-14
4.65984e-14
4.66539e-14
4.67128e-14
4.6766e-14
4.6832e-14
4.69052e-14
4.70155e-14
4.71946e-14
4.7567e-14
4.80057e-14
4.83807e-14
4.85891e-14
4.87335e-14
4.8838e-14
4.8924e-14
4.90062e-14
4.91029e-14
4.91884e-14
4.92909e-14
4.93993e-14
4.94956e-14
4.9593e-14
4.9701e-14
4.98224e-14
4.99197e-14
5.00448e-14
5.01575e-14
5.02535e-14
5.03413e-14
5.04211e-14
5.05105e-14
5.06037e-14
5.07048e-14
5.08258e-14
5.09219e-14
5.10228e-14
5.11098e-14
5.1184e-14
5.12857e-14
5.13975e-14
5.14738e-14
5.1556e-14
5.1639e-14
5.17323e-14
5.18106e-14
5.19008e-14
5.19955e-14
5.20957e-14
5.21822e-14
5.22608e-14
5.23427e-14
5.24215e-14
5.24874e-14
5.25731e-14
5.26484e-14
5.27148e-14
5.27884e-14
5.2859e-14
5.29377e-14
5.30129e-14
5.30906e-14
5.31651e-14
5.32377e-14
5.33129e-14
5.33908e-14
5.3464e-14
5.35274e-14
5.36169e-14
5.36889e-14
5.3762e-14
5.38317e-14
5.39021e-14
5.3973e-14
5.40545e-14
5.41185e-14
5.41996e-14
5.42705e-14
5.43354e-14
5.43985e-14
5.44517e-14
5.45056e-14
5.45685e-14
5.46485e-14
5.47158e-14
5.47775e-14
5.48559e-14
5.49163e-14
5.49768e-14
5.50527e-14
5.51046e-14
5.51683e-14
5.52219e-14
5.52929e-14
5.53505e-14
5.54031e-14
5.54551e-14
5.55085e-14
5.55584e-14
5.56118e-14
5.56679e-14
5.57175e-14
5.57617e-14
5.58109e-14
5.58714e-14
5.59219e-14
5.59864e-14
5.60412e-14
5.61052e-14
5.61808e-14
5.6257e-14
5.63318e-14
5.63833e-14
5.64598e-14
5.65186e-14
5.65777e-14
5.66364e-14
4.33412e-14
4.33711e-14
4.33966e-14
4.34315e-14
4.34623e-14
4.3487e-14
4.35132e-14
4.35427e-14
4.35834e-14
4.36167e-14
4.3649e-14
4.36817e-14
4.37166e-14
4.37524e-14
4.3793e-14
4.38294e-14
4.38664e-14
4.39048e-14
4.39401e-14
4.39737e-14
4.39991e-14
4.40322e-14
4.40685e-14
4.40966e-14
4.41343e-14
4.41745e-14
4.42126e-14
4.42597e-14
4.43033e-14
4.43451e-14
4.43931e-14
4.44449e-14
4.44828e-14
4.45244e-14
4.45732e-14
4.46278e-14
4.46838e-14
4.47376e-14
4.48127e-14
4.49183e-14
4.50892e-14
4.53942e-14
4.5803e-14
4.61762e-14
4.64083e-14
4.65667e-14
4.66631e-14
4.67484e-14
4.68267e-14
4.69093e-14
4.6996e-14
4.70839e-14
4.71883e-14
4.72729e-14
4.73612e-14
4.74613e-14
4.75755e-14
4.76759e-14
4.77895e-14
4.78922e-14
4.79878e-14
4.80704e-14
4.81406e-14
4.82242e-14
4.83107e-14
4.83925e-14
4.85024e-14
4.85985e-14
4.86967e-14
4.87865e-14
4.88645e-14
4.89582e-14
4.90521e-14
4.9124e-14
4.9195e-14
4.92646e-14
4.93484e-14
4.94262e-14
4.95095e-14
4.95999e-14
4.96882e-14
4.97614e-14
4.98269e-14
4.98945e-14
4.99684e-14
5.00494e-14
5.01309e-14
5.02104e-14
5.02803e-14
5.03471e-14
5.04093e-14
5.0495e-14
5.05726e-14
5.06497e-14
5.07184e-14
5.07971e-14
5.08737e-14
5.09339e-14
5.1012e-14
5.10748e-14
5.1158e-14
5.12262e-14
5.13069e-14
5.13813e-14
5.14382e-14
5.15103e-14
5.16002e-14
5.16685e-14
5.17319e-14
5.17994e-14
5.187e-14
5.19464e-14
5.2007e-14
5.20676e-14
5.21403e-14
5.22056e-14
5.22593e-14
5.2315e-14
5.23636e-14
5.24327e-14
5.24853e-14
5.25489e-14
5.2605e-14
5.26609e-14
5.27213e-14
5.27729e-14
5.28284e-14
5.28787e-14
5.29257e-14
5.29769e-14
5.30282e-14
5.30828e-14
5.31316e-14
5.31837e-14
5.32519e-14
5.32965e-14
5.33578e-14
5.34138e-14
5.3485e-14
5.35364e-14
5.36029e-14
5.36778e-14
5.37368e-14
5.38024e-14
5.3868e-14
5.39442e-14
5.40157e-14
5.40757e-14
5.4124e-14
4.18189e-14
4.18484e-14
4.18867e-14
4.19282e-14
4.19668e-14
4.20033e-14
4.20453e-14
4.20844e-14
4.21295e-14
4.21592e-14
4.21884e-14
4.22238e-14
4.22603e-14
4.22988e-14
4.23269e-14
4.23711e-14
4.24051e-14
4.2448e-14
4.24829e-14
4.25174e-14
4.2557e-14
4.25955e-14
4.26313e-14
4.26674e-14
4.27079e-14
4.27418e-14
4.27881e-14
4.28262e-14
4.28681e-14
4.29069e-14
4.29582e-14
4.3005e-14
4.30449e-14
4.30862e-14
4.31354e-14
4.31883e-14
4.32395e-14
4.32878e-14
4.336e-14
4.34583e-14
4.36066e-14
4.38634e-14
4.42208e-14
4.45681e-14
4.48154e-14
4.49677e-14
4.50796e-14
4.51669e-14
4.52459e-14
4.53214e-14
4.53999e-14
4.54787e-14
4.55779e-14
4.56659e-14
4.5765e-14
4.58514e-14
4.59552e-14
4.60482e-14
4.6149e-14
4.62442e-14
4.63395e-14
4.6428e-14
4.65031e-14
4.65868e-14
4.66664e-14
4.67429e-14
4.68419e-14
4.69324e-14
4.70236e-14
4.71003e-14
4.71869e-14
4.72858e-14
4.73741e-14
4.74419e-14
4.75123e-14
4.75931e-14
4.76639e-14
4.77277e-14
4.78102e-14
4.78896e-14
4.79737e-14
4.80416e-14
4.81237e-14
4.81957e-14
4.82648e-14
4.83312e-14
4.84084e-14
4.84889e-14
4.8558e-14
4.86461e-14
4.87025e-14
4.8776e-14
4.88464e-14
4.89179e-14
4.89749e-14
4.90456e-14
4.91209e-14
4.91866e-14
4.92587e-14
4.93196e-14
4.93902e-14
4.94528e-14
4.95397e-14
4.96174e-14
4.96929e-14
4.97689e-14
4.9851e-14
4.99217e-14
4.99782e-14
5.00543e-14
5.01056e-14
5.01689e-14
5.02319e-14
5.02804e-14
5.03395e-14
5.03953e-14
5.04436e-14
5.04957e-14
5.05435e-14
5.06004e-14
5.06733e-14
5.07337e-14
5.07855e-14
5.08449e-14
5.09024e-14
5.09485e-14
5.10024e-14
5.10582e-14
5.11045e-14
5.11503e-14
5.11993e-14
5.12437e-14
5.12937e-14
5.13379e-14
5.13972e-14
5.14466e-14
5.15098e-14
5.15647e-14
5.16277e-14
5.16873e-14
5.17676e-14
5.18304e-14
5.18834e-14
5.19453e-14
5.19992e-14
5.20581e-14
5.2116e-14
5.21848e-14
5.22442e-14
3.88408e-14
3.88602e-14
3.88865e-14
3.89102e-14
3.89394e-14
3.89703e-14
3.89991e-14
3.90272e-14
3.90653e-14
3.91075e-14
3.91489e-14
3.91911e-14
3.92307e-14
3.9272e-14
3.93088e-14
3.93562e-14
3.94016e-14
3.94292e-14
3.94713e-14
3.95063e-14
3.95353e-14
3.95647e-14
3.9598e-14
3.96328e-14
3.96688e-14
3.97097e-14
3.97598e-14
3.98009e-14
3.98393e-14
3.98722e-14
3.99147e-14
3.99542e-14
3.99845e-14
4.00222e-14
4.0068e-14
4.01144e-14
4.01568e-14
4.02043e-14
4.02687e-14
4.03605e-14
4.04922e-14
4.07095e-14
4.10247e-14
4.1349e-14
4.1599e-14
4.17596e-14
4.18719e-14
4.19571e-14
4.20332e-14
4.20997e-14
4.21752e-14
4.22498e-14
4.23349e-14
4.24137e-14
4.2499e-14
4.25819e-14
4.26749e-14
4.27668e-14
4.28561e-14
4.2952e-14
4.30397e-14
4.31113e-14
4.31857e-14
4.32659e-14
4.33375e-14
4.34113e-14
4.35131e-14
4.35881e-14
4.36798e-14
4.37505e-14
4.38244e-14
4.39091e-14
4.39951e-14
4.40876e-14
4.41587e-14
4.42335e-14
4.43157e-14
4.43702e-14
4.44434e-14
4.45134e-14
4.45866e-14
4.46508e-14
4.47283e-14
4.48013e-14
4.48725e-14
4.49349e-14
4.50064e-14
4.50699e-14
4.51521e-14
4.52454e-14
4.53089e-14
4.53778e-14
4.54478e-14
4.55089e-14
4.55765e-14
4.56447e-14
4.57173e-14
4.57802e-14
4.58464e-14
4.59042e-14
4.59719e-14
4.60422e-14
4.61153e-14
4.61791e-14
4.62392e-14
4.63065e-14
4.63693e-14
4.64297e-14
4.64822e-14
4.65539e-14
4.66037e-14
4.66623e-14
4.67188e-14
4.67705e-14
4.68149e-14
4.68698e-14
4.69127e-14
4.69592e-14
4.70011e-14
4.70419e-14
4.70945e-14
4.71572e-14
4.72002e-14
4.72496e-14
4.72947e-14
4.73421e-14
4.73855e-14
4.74369e-14
4.74821e-14
4.75163e-14
4.75601e-14
4.76072e-14
4.76478e-14
4.77016e-14
4.77588e-14
4.78106e-14
4.78575e-14
4.791e-14
4.79708e-14
4.80264e-14
4.811e-14
4.81614e-14
4.8206e-14
4.82627e-14
4.83124e-14
4.836e-14
4.84157e-14
4.84747e-14
4.85237e-14
3.7111e-14
3.7132e-14
3.71615e-14
3.71873e-14
3.72147e-14
3.72456e-14
3.72723e-14
3.72973e-14
3.73235e-14
3.73613e-14
3.73941e-14
3.74253e-14
3.74473e-14
3.74746e-14
3.75017e-14
3.75375e-14
3.7581e-14
3.76151e-14
3.76607e-14
3.76969e-14
3.77349e-14
3.77724e-14
3.78108e-14
3.78494e-14
3.78872e-14
3.79324e-14
3.79754e-14
3.80169e-14
3.80552e-14
3.80809e-14
3.8118e-14
3.81573e-14
3.81876e-14
3.82193e-14
3.82645e-14
3.83047e-14
3.83409e-14
3.83892e-14
3.8451e-14
3.85409e-14
3.8664e-14
3.88524e-14
3.91379e-14
3.94291e-14
3.96882e-14
3.98576e-14
3.99739e-14
4.0067e-14
4.01397e-14
4.02113e-14
4.0286e-14
4.03508e-14
4.0432e-14
4.05039e-14
4.05759e-14
4.06569e-14
4.07412e-14
4.08238e-14
4.09045e-14
4.09959e-14
4.10779e-14
4.11405e-14
4.12249e-14
4.13012e-14
4.13751e-14
4.14535e-14
4.15555e-14
4.16293e-14
4.17128e-14
4.17869e-14
4.18478e-14
4.19262e-14
4.20047e-14
4.20828e-14
4.21515e-14
4.22196e-14
4.22992e-14
4.23608e-14
4.24206e-14
4.25017e-14
4.25731e-14
4.26315e-14
4.26864e-14
4.27629e-14
4.28461e-14
4.29284e-14
4.29971e-14
4.3061e-14
4.31267e-14
4.32069e-14
4.32827e-14
4.33529e-14
4.34319e-14
4.34934e-14
4.35668e-14
4.36263e-14
4.36871e-14
4.37436e-14
4.3793e-14
4.38632e-14
4.39208e-14
4.39691e-14
4.40323e-14
4.40879e-14
4.41453e-14
4.42088e-14
4.42829e-14
4.43337e-14
4.43848e-14
4.44396e-14
4.44874e-14
4.45367e-14
4.45877e-14
4.46444e-14
4.46979e-14
4.4751e-14
4.47998e-14
4.48506e-14
4.48947e-14
4.49337e-14
4.49844e-14
4.50282e-14
4.50757e-14
4.51235e-14
4.51695e-14
4.52174e-14
4.52626e-14
4.53123e-14
4.53569e-14
4.53985e-14
4.54438e-14
4.54856e-14
4.55173e-14
4.55633e-14
4.56173e-14
4.56765e-14
4.5726e-14
4.57803e-14
4.5837e-14
4.59001e-14
4.59597e-14
4.60111e-14
4.60647e-14
4.61152e-14
4.61537e-14
4.61972e-14
4.62508e-14
4.63077e-14
4.63643e-14
3.49767e-14
3.50025e-14
3.50258e-14
3.50513e-14
3.50771e-14
3.51048e-14
3.51316e-14
3.51586e-14
3.51817e-14
3.52089e-14
3.52333e-14
3.52603e-14
3.52827e-14
3.53096e-14
3.53376e-14
3.53696e-14
3.5407e-14
3.54298e-14
3.54586e-14
3.54867e-14
3.55216e-14
3.5558e-14
3.55892e-14
3.56209e-14
3.5651e-14
3.56966e-14
3.57431e-14
3.578e-14
3.5823e-14
3.58578e-14
3.59027e-14
3.59477e-14
3.5985e-14
3.60254e-14
3.60785e-14
3.61223e-14
3.61675e-14
3.62299e-14
3.63039e-14
3.63964e-14
3.65159e-14
3.6693e-14
3.69528e-14
3.72237e-14
3.74757e-14
3.76511e-14
3.77687e-14
3.78598e-14
3.79388e-14
3.80024e-14
3.80663e-14
3.81359e-14
3.82056e-14
3.82806e-14
3.83509e-14
3.84259e-14
3.84977e-14
3.8567e-14
3.86403e-14
3.8728e-14
3.88001e-14
3.88706e-14
3.89512e-14
3.90164e-14
3.90845e-14
3.91582e-14
3.92408e-14
3.93131e-14
3.93873e-14
3.94666e-14
3.95341e-14
3.96169e-14
3.96889e-14
3.97647e-14
3.98272e-14
3.98901e-14
3.99665e-14
4.00405e-14
4.01018e-14
4.01964e-14
4.02684e-14
4.0334e-14
4.03947e-14
4.04701e-14
4.0527e-14
4.05999e-14
4.06615e-14
4.07192e-14
4.07729e-14
4.08348e-14
4.08982e-14
4.09605e-14
4.10235e-14
4.1077e-14
4.11481e-14
4.12071e-14
4.12538e-14
4.13013e-14
4.13483e-14
4.14165e-14
4.14738e-14
4.15268e-14
4.15939e-14
4.16498e-14
4.16926e-14
4.17414e-14
4.18015e-14
4.18573e-14
4.19065e-14
4.19616e-14
4.20071e-14
4.20492e-14
4.20993e-14
4.21509e-14
4.22053e-14
4.22484e-14
4.22971e-14
4.23432e-14
4.23859e-14
4.24281e-14
4.24756e-14
4.2513e-14
4.25582e-14
4.25918e-14
4.26319e-14
4.26688e-14
4.27121e-14
4.27541e-14
4.27978e-14
4.28468e-14
4.28892e-14
4.29217e-14
4.2955e-14
4.29892e-14
4.3036e-14
4.30821e-14
4.3123e-14
4.31704e-14
4.32168e-14
4.32735e-14
4.33152e-14
4.33587e-14
4.34051e-14
4.34488e-14
4.34939e-14
4.35421e-14
4.35921e-14
4.36487e-14
4.36899e-14
3.37149e-14
3.37401e-14
3.37731e-14
3.38001e-14
3.38265e-14
3.38582e-14
3.38908e-14
3.39201e-14
3.39414e-14
3.39661e-14
3.39932e-14
3.40242e-14
3.4053e-14
3.4076e-14
3.41028e-14
3.41334e-14
3.41675e-14
3.41884e-14
3.42109e-14
3.42378e-14
3.42692e-14
3.43045e-14
3.43379e-14
3.43647e-14
3.43943e-14
3.44315e-14
3.44685e-14
3.44955e-14
3.45304e-14
3.45601e-14
3.4591e-14
3.46301e-14
3.46573e-14
3.46848e-14
3.47238e-14
3.47654e-14
3.48053e-14
3.48539e-14
3.4922e-14
3.49975e-14
3.51002e-14
3.52589e-14
3.54781e-14
3.57401e-14
3.59897e-14
3.61858e-14
3.63215e-14
3.64182e-14
3.65024e-14
3.65792e-14
3.66522e-14
3.67209e-14
3.67938e-14
3.68662e-14
3.69406e-14
3.70218e-14
3.71046e-14
3.7176e-14
3.72515e-14
3.73371e-14
3.74107e-14
3.7492e-14
3.75804e-14
3.76504e-14
3.77257e-14
3.77949e-14
3.7885e-14
3.7968e-14
3.80348e-14
3.81098e-14
3.8175e-14
3.82445e-14
3.83055e-14
3.83721e-14
3.84369e-14
3.84985e-14
3.85695e-14
3.86275e-14
3.86882e-14
3.8765e-14
3.88277e-14
3.88872e-14
3.89412e-14
3.90114e-14
3.906e-14
3.91247e-14
3.91838e-14
3.92442e-14
3.93065e-14
3.93698e-14
3.94302e-14
3.94838e-14
3.95344e-14
3.95867e-14
3.96598e-14
3.97193e-14
3.97742e-14
3.98252e-14
3.98743e-14
3.99358e-14
3.9994e-14
4.00358e-14
4.00911e-14
4.01385e-14
4.0182e-14
4.02416e-14
4.02923e-14
4.03361e-14
4.03907e-14
4.04492e-14
4.04975e-14
4.05453e-14
4.05839e-14
4.06391e-14
4.06925e-14
4.0737e-14
4.07839e-14
4.08246e-14
4.08641e-14
4.0907e-14
4.09525e-14
4.09874e-14
4.10269e-14
4.10663e-14
4.11135e-14
4.1157e-14
4.1195e-14
4.12371e-14
4.12815e-14
4.13203e-14
4.13571e-14
4.13866e-14
4.14165e-14
4.14505e-14
4.14892e-14
4.15295e-14
4.15722e-14
4.16183e-14
4.16655e-14
4.17119e-14
4.17515e-14
4.17952e-14
4.18283e-14
4.18694e-14
4.1909e-14
4.19552e-14
4.2008e-14
4.20682e-14
4.21159e-14
3.17109e-14
3.17306e-14
3.17589e-14
3.1776e-14
3.17991e-14
3.18222e-14
3.18537e-14
3.18764e-14
3.19049e-14
3.19346e-14
3.19614e-14
3.19935e-14
3.2023e-14
3.20468e-14
3.20742e-14
3.21013e-14
3.21343e-14
3.21549e-14
3.21778e-14
3.22014e-14
3.22277e-14
3.22529e-14
3.22865e-14
3.23151e-14
3.23386e-14
3.23727e-14
3.24029e-14
3.24308e-14
3.24612e-14
3.24934e-14
3.2525e-14
3.25616e-14
3.25929e-14
3.26238e-14
3.26611e-14
3.26985e-14
3.2739e-14
3.27905e-14
3.28495e-14
3.29292e-14
3.30227e-14
3.31641e-14
3.33574e-14
3.36012e-14
3.38388e-14
3.40324e-14
3.41715e-14
3.4274e-14
3.43575e-14
3.4418e-14
3.44795e-14
3.4546e-14
3.46117e-14
3.46791e-14
3.47494e-14
3.48169e-14
3.48862e-14
3.49413e-14
3.50055e-14
3.50854e-14
3.51456e-14
3.52228e-14
3.52995e-14
3.53542e-14
3.5421e-14
3.5482e-14
3.55625e-14
3.56372e-14
3.57026e-14
3.5778e-14
3.58411e-14
3.59006e-14
3.59583e-14
3.60184e-14
3.60729e-14
3.61275e-14
3.61878e-14
3.62436e-14
3.63074e-14
3.63768e-14
3.64395e-14
3.64876e-14
3.65446e-14
3.66021e-14
3.66587e-14
3.67237e-14
3.67786e-14
3.68277e-14
3.68796e-14
3.69456e-14
3.70122e-14
3.70636e-14
3.71186e-14
3.71746e-14
3.72297e-14
3.72907e-14
3.73453e-14
3.73977e-14
3.74445e-14
3.75108e-14
3.75707e-14
3.76141e-14
3.76675e-14
3.77115e-14
3.77472e-14
3.78056e-14
3.78466e-14
3.78939e-14
3.79467e-14
3.80065e-14
3.80591e-14
3.81124e-14
3.8162e-14
3.82137e-14
3.82604e-14
3.82978e-14
3.83426e-14
3.83813e-14
3.84235e-14
3.84711e-14
3.85097e-14
3.85499e-14
3.85864e-14
3.8622e-14
3.86675e-14
3.87046e-14
3.87425e-14
3.87841e-14
3.88272e-14
3.88652e-14
3.89016e-14
3.89327e-14
3.89635e-14
3.89962e-14
3.90342e-14
3.90739e-14
3.91148e-14
3.91662e-14
3.92113e-14
3.9251e-14
3.92851e-14
3.93306e-14
3.93643e-14
3.94029e-14
3.94432e-14
3.94776e-14
3.95142e-14
3.95657e-14
3.96138e-14
3.15275e-14
3.15508e-14
3.15739e-14
3.15969e-14
3.16142e-14
3.16391e-14
3.16657e-14
3.16941e-14
3.17299e-14
3.17593e-14
3.17864e-14
3.18171e-14
3.1849e-14
3.18764e-14
3.19031e-14
3.19323e-14
3.1963e-14
3.19853e-14
3.20092e-14
3.204e-14
3.20713e-14
3.21023e-14
3.21316e-14
3.21614e-14
3.21885e-14
3.22184e-14
3.22509e-14
3.22791e-14
3.23148e-14
3.23503e-14
3.23858e-14
3.24227e-14
3.24516e-14
3.24876e-14
3.25296e-14
3.25777e-14
3.26209e-14
3.26665e-14
3.27228e-14
3.27984e-14
3.28801e-14
3.30083e-14
3.31887e-14
3.34127e-14
3.3633e-14
3.38417e-14
3.39724e-14
3.40801e-14
3.41636e-14
3.4239e-14
3.43001e-14
3.43636e-14
3.44233e-14
3.44847e-14
3.4561e-14
3.46257e-14
3.46936e-14
3.47459e-14
3.48053e-14
3.48782e-14
3.49385e-14
3.50094e-14
3.5077e-14
3.51409e-14
3.52073e-14
3.5269e-14
3.53465e-14
3.54229e-14
3.54883e-14
3.55621e-14
3.56225e-14
3.56769e-14
3.57364e-14
3.57923e-14
3.58528e-14
3.59062e-14
3.59591e-14
3.60236e-14
3.60927e-14
3.61553e-14
3.62126e-14
3.62686e-14
3.63302e-14
3.63833e-14
3.64441e-14
3.65063e-14
3.65675e-14
3.66115e-14
3.66697e-14
3.67281e-14
3.67895e-14
3.68374e-14
3.68932e-14
3.69486e-14
3.70077e-14
3.70542e-14
3.71048e-14
3.7162e-14
3.72142e-14
3.72883e-14
3.73441e-14
3.73876e-14
3.74422e-14
3.74853e-14
3.75238e-14
3.75753e-14
3.76196e-14
3.76678e-14
3.77195e-14
3.7764e-14
3.78186e-14
3.78704e-14
3.79214e-14
3.79684e-14
3.80214e-14
3.80706e-14
3.81104e-14
3.81445e-14
3.81904e-14
3.82287e-14
3.82679e-14
3.83058e-14
3.83394e-14
3.83824e-14
3.84228e-14
3.84571e-14
3.84878e-14
3.85268e-14
3.85647e-14
3.86117e-14
3.86485e-14
3.86813e-14
3.87165e-14
3.8747e-14
3.87837e-14
3.8823e-14
3.88623e-14
3.89065e-14
3.89492e-14
3.89897e-14
3.90285e-14
3.90786e-14
3.91199e-14
3.91633e-14
3.92106e-14
3.92561e-14
3.92999e-14
3.93463e-14
3.93878e-14
3.18573e-14
3.18854e-14
3.19041e-14
3.19251e-14
3.19549e-14
3.1976e-14
3.20043e-14
3.20331e-14
3.20618e-14
3.20879e-14
3.21174e-14
3.21519e-14
3.21882e-14
3.22133e-14
3.22359e-14
3.2267e-14
3.22972e-14
3.23289e-14
3.2356e-14
3.23861e-14
3.24159e-14
3.24475e-14
3.24814e-14
3.25176e-14
3.25493e-14
3.25807e-14
3.26172e-14
3.26457e-14
3.26763e-14
3.2711e-14
3.27503e-14
3.27841e-14
3.28158e-14
3.28487e-14
3.28896e-14
3.29311e-14
3.29734e-14
3.30171e-14
3.30722e-14
3.31453e-14
3.32284e-14
3.33636e-14
3.35218e-14
3.37259e-14
3.39333e-14
3.41444e-14
3.42914e-14
3.4407e-14
3.44928e-14
3.45641e-14
3.46317e-14
3.47027e-14
3.47731e-14
3.48289e-14
3.49057e-14
3.4964e-14
3.50265e-14
3.50838e-14
3.51419e-14
3.52161e-14
3.52744e-14
3.53337e-14
3.54068e-14
3.54685e-14
3.5535e-14
3.5602e-14
3.56724e-14
3.57432e-14
3.58145e-14
3.58881e-14
3.59478e-14
3.59979e-14
3.60602e-14
3.61151e-14
3.61757e-14
3.62364e-14
3.62847e-14
3.63431e-14
3.64087e-14
3.64655e-14
3.65194e-14
3.6579e-14
3.6637e-14
3.66949e-14
3.67565e-14
3.6821e-14
3.68832e-14
3.69274e-14
3.69972e-14
3.70553e-14
3.71126e-14
3.71617e-14
3.72242e-14
3.72811e-14
3.73338e-14
3.73769e-14
3.74306e-14
3.74782e-14
3.75372e-14
3.75943e-14
3.76556e-14
3.77028e-14
3.77581e-14
3.77943e-14
3.78363e-14
3.78886e-14
3.79353e-14
3.7986e-14
3.80326e-14
3.80768e-14
3.81249e-14
3.81678e-14
3.82227e-14
3.82748e-14
3.83267e-14
3.83849e-14
3.8428e-14
3.84664e-14
3.85142e-14
3.8559e-14
3.86018e-14
3.864e-14
3.86823e-14
3.87262e-14
3.87735e-14
3.88078e-14
3.8845e-14
3.88973e-14
3.89404e-14
3.89818e-14
3.90237e-14
3.90647e-14
3.91034e-14
3.91455e-14
3.91912e-14
3.92398e-14
3.92806e-14
3.9337e-14
3.93753e-14
3.94128e-14
3.94508e-14
3.9491e-14
3.95354e-14
3.95738e-14
3.96107e-14
3.96425e-14
3.96846e-14
3.97281e-14
3.97815e-14
3.11741e-14
3.12072e-14
3.12376e-14
3.12707e-14
3.13028e-14
3.1326e-14
3.13427e-14
3.13688e-14
3.1395e-14
3.14198e-14
3.14507e-14
3.14784e-14
3.15073e-14
3.15359e-14
3.15646e-14
3.15933e-14
3.16294e-14
3.16629e-14
3.16908e-14
3.17092e-14
3.17323e-14
3.17595e-14
3.1783e-14
3.18138e-14
3.18452e-14
3.1876e-14
3.19081e-14
3.19417e-14
3.1975e-14
3.2013e-14
3.20476e-14
3.20875e-14
3.21304e-14
3.21631e-14
3.21976e-14
3.22402e-14
3.22823e-14
3.23305e-14
3.23846e-14
3.24563e-14
3.25378e-14
3.26664e-14
3.28175e-14
3.30087e-14
3.32114e-14
3.34103e-14
3.35566e-14
3.3681e-14
3.37663e-14
3.38372e-14
3.39116e-14
3.39735e-14
3.4042e-14
3.40989e-14
3.41796e-14
3.42383e-14
3.43047e-14
3.43601e-14
3.44207e-14
3.44958e-14
3.45507e-14
3.46038e-14
3.4667e-14
3.47316e-14
3.47955e-14
3.48614e-14
3.49256e-14
3.49855e-14
3.50651e-14
3.5145e-14
3.52037e-14
3.52603e-14
3.53186e-14
3.53671e-14
3.54161e-14
3.54755e-14
3.55306e-14
3.55993e-14
3.56614e-14
3.57152e-14
3.57624e-14
3.58366e-14
3.58867e-14
3.59448e-14
3.59952e-14
3.60628e-14
3.61157e-14
3.61706e-14
3.62285e-14
3.62821e-14
3.6336e-14
3.63912e-14
3.64401e-14
3.64955e-14
3.65415e-14
3.65883e-14
3.66462e-14
3.67016e-14
3.67667e-14
3.68226e-14
3.68792e-14
3.69419e-14
3.69934e-14
3.70431e-14
3.70865e-14
3.7131e-14
3.71793e-14
3.7221e-14
3.72619e-14
3.73069e-14
3.73522e-14
3.73906e-14
3.74362e-14
3.7476e-14
3.75268e-14
3.75851e-14
3.76278e-14
3.76695e-14
3.77163e-14
3.77603e-14
3.78054e-14
3.78431e-14
3.78793e-14
3.79262e-14
3.79712e-14
3.80138e-14
3.80551e-14
3.80995e-14
3.81401e-14
3.81851e-14
3.823e-14
3.82659e-14
3.83004e-14
3.83377e-14
3.83748e-14
3.84116e-14
3.84436e-14
3.84908e-14
3.8525e-14
3.85662e-14
3.86002e-14
3.8635e-14
3.86778e-14
3.87167e-14
3.87603e-14
3.8796e-14
3.88401e-14
3.88873e-14
3.89265e-14
3.07518e-14
3.07836e-14
3.08059e-14
3.08324e-14
3.08573e-14
3.08839e-14
3.09043e-14
3.09324e-14
3.09524e-14
3.09807e-14
3.10072e-14
3.10384e-14
3.10641e-14
3.10865e-14
3.11148e-14
3.11489e-14
3.1181e-14
3.1209e-14
3.12298e-14
3.12524e-14
3.12799e-14
3.13123e-14
3.13396e-14
3.13662e-14
3.13922e-14
3.1423e-14
3.14551e-14
3.14834e-14
3.15148e-14
3.15475e-14
3.15789e-14
3.16166e-14
3.16579e-14
3.16855e-14
3.17195e-14
3.17578e-14
3.17941e-14
3.18464e-14
3.19037e-14
3.19734e-14
3.20526e-14
3.21668e-14
3.23029e-14
3.24829e-14
3.2677e-14
3.28814e-14
3.30324e-14
3.31567e-14
3.32468e-14
3.33176e-14
3.33839e-14
3.34581e-14
3.35289e-14
3.35897e-14
3.36595e-14
3.37123e-14
3.37735e-14
3.38286e-14
3.38861e-14
3.39552e-14
3.40153e-14
3.40609e-14
3.41226e-14
3.41882e-14
3.42529e-14
3.43136e-14
3.43734e-14
3.44361e-14
3.45072e-14
3.4584e-14
3.46414e-14
3.46981e-14
3.47621e-14
3.4815e-14
3.48663e-14
3.49201e-14
3.49838e-14
3.50445e-14
3.51224e-14
3.51762e-14
3.52278e-14
3.52941e-14
3.53611e-14
3.54114e-14
3.54633e-14
3.55247e-14
3.55834e-14
3.56399e-14
3.56859e-14
3.57384e-14
3.57902e-14
3.58407e-14
3.58927e-14
3.59471e-14
3.59873e-14
3.60319e-14
3.60788e-14
3.61349e-14
3.61853e-14
3.62547e-14
3.63207e-14
3.63769e-14
3.64147e-14
3.64666e-14
3.65074e-14
3.65578e-14
3.66049e-14
3.66471e-14
3.66881e-14
3.6733e-14
3.67836e-14
3.68286e-14
3.6871e-14
3.6914e-14
3.69505e-14
3.70066e-14
3.70618e-14
3.71026e-14
3.71443e-14
3.71914e-14
3.72383e-14
3.72758e-14
3.73243e-14
3.73647e-14
3.7414e-14
3.74557e-14
3.74997e-14
3.75495e-14
3.75945e-14
3.76365e-14
3.76813e-14
3.77187e-14
3.77664e-14
3.7802e-14
3.78351e-14
3.78703e-14
3.79089e-14
3.79555e-14
3.799e-14
3.80277e-14
3.80636e-14
3.80998e-14
3.81369e-14
3.81771e-14
3.82238e-14
3.82621e-14
3.83081e-14
3.83634e-14
3.84092e-14
2.94518e-14
2.94813e-14
2.95036e-14
2.95311e-14
2.95495e-14
2.9572e-14
2.95978e-14
2.96228e-14
2.96437e-14
2.9668e-14
2.96963e-14
2.97279e-14
2.97522e-14
2.97782e-14
2.98031e-14
2.9832e-14
2.9862e-14
2.98915e-14
2.99181e-14
2.99402e-14
2.99626e-14
2.99929e-14
3.00203e-14
3.00453e-14
3.0081e-14
3.01087e-14
3.01352e-14
3.01631e-14
3.01931e-14
3.0223e-14
3.02501e-14
3.0287e-14
3.03221e-14
3.03521e-14
3.03822e-14
3.04234e-14
3.0474e-14
3.0525e-14
3.05708e-14
3.06358e-14
3.07118e-14
3.08135e-14
3.09364e-14
3.11003e-14
3.12813e-14
3.14681e-14
3.16267e-14
3.17533e-14
3.18454e-14
3.19194e-14
3.19928e-14
3.20673e-14
3.21281e-14
3.21912e-14
3.22495e-14
3.23034e-14
3.23593e-14
3.24167e-14
3.24729e-14
3.25362e-14
3.25957e-14
3.26475e-14
3.27048e-14
3.2768e-14
3.28299e-14
3.28932e-14
3.29489e-14
3.30118e-14
3.30811e-14
3.31403e-14
3.31987e-14
3.32461e-14
3.33128e-14
3.33613e-14
3.34078e-14
3.34616e-14
3.35204e-14
3.35925e-14
3.36579e-14
3.37153e-14
3.3763e-14
3.38188e-14
3.38952e-14
3.39461e-14
3.40049e-14
3.40681e-14
3.41289e-14
3.4185e-14
3.42377e-14
3.42872e-14
3.43337e-14
3.43887e-14
3.44457e-14
3.44888e-14
3.45307e-14
3.45784e-14
3.46355e-14
3.46837e-14
3.47293e-14
3.47888e-14
3.48458e-14
3.48974e-14
3.49333e-14
3.49821e-14
3.50217e-14
3.50734e-14
3.51196e-14
3.51616e-14
3.52006e-14
3.52483e-14
3.5289e-14
3.53343e-14
3.53728e-14
3.54126e-14
3.54502e-14
3.55012e-14
3.55481e-14
3.5604e-14
3.56491e-14
3.5688e-14
3.57242e-14
3.5761e-14
3.57979e-14
3.58345e-14
3.58765e-14
3.59104e-14
3.59415e-14
3.59842e-14
3.60302e-14
3.60729e-14
3.61193e-14
3.6152e-14
3.61878e-14
3.6223e-14
3.62542e-14
3.62958e-14
3.63379e-14
3.63812e-14
3.64173e-14
3.64477e-14
3.64759e-14
3.65115e-14
3.65546e-14
3.66008e-14
3.66448e-14
3.66782e-14
3.67146e-14
3.67513e-14
3.67847e-14
2.83531e-14
2.83758e-14
2.83934e-14
2.84123e-14
2.84279e-14
2.84435e-14
2.84664e-14
2.84912e-14
2.85106e-14
2.85299e-14
2.85542e-14
2.85787e-14
2.85977e-14
2.86234e-14
2.86485e-14
2.8677e-14
2.87077e-14
2.87331e-14
2.87569e-14
2.87799e-14
2.88027e-14
2.88303e-14
2.88553e-14
2.88827e-14
2.89115e-14
2.89406e-14
2.89698e-14
2.9002e-14
2.90332e-14
2.90606e-14
2.90921e-14
2.91258e-14
2.91558e-14
2.91866e-14
2.92187e-14
2.9259e-14
2.93057e-14
2.93562e-14
2.93976e-14
2.9454e-14
2.9525e-14
2.96226e-14
2.97305e-14
2.98785e-14
3.00538e-14
3.0226e-14
3.0397e-14
3.05311e-14
3.06298e-14
3.0714e-14
3.07858e-14
3.0848e-14
3.09128e-14
3.09681e-14
3.10215e-14
3.10751e-14
3.11295e-14
3.11738e-14
3.12332e-14
3.12888e-14
3.13396e-14
3.13869e-14
3.14439e-14
3.14947e-14
3.15536e-14
3.16164e-14
3.16735e-14
3.17346e-14
3.1796e-14
3.18604e-14
3.1922e-14
3.19697e-14
3.20327e-14
3.20799e-14
3.21256e-14
3.21835e-14
3.22419e-14
3.23006e-14
3.23608e-14
3.24237e-14
3.24836e-14
3.25396e-14
3.26034e-14
3.2661e-14
3.27107e-14
3.27696e-14
3.28356e-14
3.28799e-14
3.29389e-14
3.29813e-14
3.30185e-14
3.30725e-14
3.31245e-14
3.31707e-14
3.32192e-14
3.32672e-14
3.33202e-14
3.3358e-14
3.34097e-14
3.34644e-14
3.35065e-14
3.35523e-14
3.35881e-14
3.36325e-14
3.36741e-14
3.37127e-14
3.37491e-14
3.37923e-14
3.38325e-14
3.38745e-14
3.39132e-14
3.39502e-14
3.39939e-14
3.40322e-14
3.40715e-14
3.41201e-14
3.41614e-14
3.42037e-14
3.42563e-14
3.42989e-14
3.43369e-14
3.43791e-14
3.44152e-14
3.44497e-14
3.44902e-14
3.45314e-14
3.4574e-14
3.46166e-14
3.46609e-14
3.4702e-14
3.4737e-14
3.47744e-14
3.48005e-14
3.48261e-14
3.48598e-14
3.48967e-14
3.49416e-14
3.49743e-14
3.50111e-14
3.5045e-14
3.50834e-14
3.51237e-14
3.51644e-14
3.52058e-14
3.52445e-14
3.52886e-14
3.53236e-14
3.53633e-14
3.5405e-14
2.88138e-14
2.88399e-14
2.88601e-14
2.88782e-14
2.88968e-14
2.89129e-14
2.89402e-14
2.89695e-14
2.89876e-14
2.90085e-14
2.90374e-14
2.90632e-14
2.90894e-14
2.91149e-14
2.91384e-14
2.91685e-14
2.91996e-14
2.92254e-14
2.92546e-14
2.92823e-14
2.93125e-14
2.93411e-14
2.93686e-14
2.93954e-14
2.94276e-14
2.94552e-14
2.94829e-14
2.9514e-14
2.95451e-14
2.95804e-14
2.96099e-14
2.96371e-14
2.96723e-14
2.97048e-14
2.97403e-14
2.97801e-14
2.98273e-14
2.98694e-14
2.99166e-14
2.99689e-14
3.00369e-14
3.01285e-14
3.02369e-14
3.03805e-14
3.05521e-14
3.07223e-14
3.08874e-14
3.10282e-14
3.11378e-14
3.12296e-14
3.1311e-14
3.13748e-14
3.14366e-14
3.15025e-14
3.15559e-14
3.16125e-14
3.16637e-14
3.17173e-14
3.17788e-14
3.1839e-14
3.18965e-14
3.19472e-14
3.2001e-14
3.20509e-14
3.21113e-14
3.21699e-14
3.22187e-14
3.22858e-14
3.23454e-14
3.24005e-14
3.24571e-14
3.25154e-14
3.25692e-14
3.26262e-14
3.26792e-14
3.27428e-14
3.27935e-14
3.28741e-14
3.29362e-14
3.29881e-14
3.30476e-14
3.30902e-14
3.31487e-14
3.32048e-14
3.32654e-14
3.33227e-14
3.33787e-14
3.34194e-14
3.34676e-14
3.35242e-14
3.35806e-14
3.36283e-14
3.36732e-14
3.37269e-14
3.37691e-14
3.38178e-14
3.38567e-14
3.38988e-14
3.39558e-14
3.40178e-14
3.40583e-14
3.41117e-14
3.41452e-14
3.4181e-14
3.42316e-14
3.4268e-14
3.43042e-14
3.43517e-14
3.43911e-14
3.44293e-14
3.44735e-14
3.45073e-14
3.45412e-14
3.45847e-14
3.4625e-14
3.46647e-14
3.47149e-14
3.4749e-14
3.47928e-14
3.48396e-14
3.48813e-14
3.49192e-14
3.49708e-14
3.50122e-14
3.50526e-14
3.50868e-14
3.51253e-14
3.51672e-14
3.52061e-14
3.52467e-14
3.52836e-14
3.53254e-14
3.53571e-14
3.53836e-14
3.54206e-14
3.54572e-14
3.54944e-14
3.55302e-14
3.55714e-14
3.56106e-14
3.56395e-14
3.56729e-14
3.57149e-14
3.57573e-14
3.57909e-14
3.58314e-14
3.58729e-14
3.59273e-14
3.59859e-14
2.90513e-14
2.90716e-14
2.90979e-14
2.91147e-14
2.91367e-14
2.91592e-14
2.91851e-14
2.92149e-14
2.92447e-14
2.92719e-14
2.93032e-14
2.93313e-14
2.93618e-14
2.93838e-14
2.94082e-14
2.94412e-14
2.94731e-14
2.94978e-14
2.95258e-14
2.9551e-14
2.9577e-14
2.96009e-14
2.96267e-14
2.96582e-14
2.96842e-14
2.97215e-14
2.97542e-14
2.97833e-14
2.98222e-14
2.98548e-14
2.98925e-14
2.99215e-14
2.99581e-14
2.99937e-14
3.00264e-14
3.00683e-14
3.0118e-14
3.016e-14
3.02129e-14
3.02636e-14
3.0327e-14
3.04118e-14
3.05311e-14
3.06623e-14
3.08271e-14
3.09965e-14
3.11562e-14
3.13018e-14
3.14151e-14
3.1519e-14
3.16035e-14
3.1674e-14
3.17442e-14
3.18137e-14
3.18722e-14
3.19303e-14
3.19828e-14
3.20364e-14
3.20937e-14
3.21512e-14
3.22098e-14
3.22628e-14
3.23144e-14
3.23786e-14
3.24402e-14
3.24856e-14
3.25372e-14
3.26025e-14
3.26657e-14
3.27233e-14
3.27853e-14
3.28413e-14
3.29049e-14
3.29564e-14
3.3019e-14
3.30836e-14
3.31372e-14
3.31905e-14
3.32434e-14
3.32905e-14
3.33455e-14
3.33919e-14
3.34471e-14
3.35135e-14
3.35627e-14
3.36223e-14
3.36756e-14
3.37221e-14
3.3768e-14
3.38152e-14
3.38685e-14
3.39121e-14
3.39508e-14
3.4003e-14
3.40548e-14
3.4099e-14
3.41428e-14
3.41843e-14
3.42304e-14
3.42814e-14
3.433e-14
3.4384e-14
3.44205e-14
3.44598e-14
3.45089e-14
3.45593e-14
3.46001e-14
3.46445e-14
3.46861e-14
3.47245e-14
3.47538e-14
3.47944e-14
3.48315e-14
3.48735e-14
3.49137e-14
3.49578e-14
3.49885e-14
3.50342e-14
3.5075e-14
3.51344e-14
3.51862e-14
3.52245e-14
3.52624e-14
3.53007e-14
3.5343e-14
3.53843e-14
3.54225e-14
3.54593e-14
3.54955e-14
3.55299e-14
3.55673e-14
3.56056e-14
3.56529e-14
3.57021e-14
3.5755e-14
3.58099e-14
3.58596e-14
3.58968e-14
3.59383e-14
3.59788e-14
3.60089e-14
3.60386e-14
3.60827e-14
3.61168e-14
3.61507e-14
3.61825e-14
3.62155e-14
3.62482e-14
3.62863e-14
2.92025e-14
2.92214e-14
2.92483e-14
2.92669e-14
2.92918e-14
2.9317e-14
2.93382e-14
2.9368e-14
2.93988e-14
2.94366e-14
2.94617e-14
2.94891e-14
2.95158e-14
2.95375e-14
2.95656e-14
2.95982e-14
2.96326e-14
2.96656e-14
2.96915e-14
2.97164e-14
2.97373e-14
2.97619e-14
2.97911e-14
2.98238e-14
2.98496e-14
2.98887e-14
2.99262e-14
2.99574e-14
2.99907e-14
3.00217e-14
3.0056e-14
3.00843e-14
3.01216e-14
3.01508e-14
3.01857e-14
3.02244e-14
3.0277e-14
3.03169e-14
3.03611e-14
3.04187e-14
3.04838e-14
3.05664e-14
3.06806e-14
3.08073e-14
3.09663e-14
3.11374e-14
3.12791e-14
3.14203e-14
3.15504e-14
3.16706e-14
3.17567e-14
3.18397e-14
3.1902e-14
3.19716e-14
3.20323e-14
3.2089e-14
3.21403e-14
3.21949e-14
3.22478e-14
3.23107e-14
3.23768e-14
3.24304e-14
3.24934e-14
3.25518e-14
3.26073e-14
3.26521e-14
3.27099e-14
3.27699e-14
3.28289e-14
3.28902e-14
3.29466e-14
3.29987e-14
3.30655e-14
3.31253e-14
3.3197e-14
3.32563e-14
3.33083e-14
3.3372e-14
3.34104e-14
3.34663e-14
3.35151e-14
3.35633e-14
3.36211e-14
3.36883e-14
3.3742e-14
3.37948e-14
3.38568e-14
3.3909e-14
3.395e-14
3.4e-14
3.40617e-14
3.41052e-14
3.41506e-14
3.41953e-14
3.42429e-14
3.43022e-14
3.43412e-14
3.43871e-14
3.44419e-14
3.44862e-14
3.45406e-14
3.45916e-14
3.46292e-14
3.46703e-14
3.47098e-14
3.47485e-14
3.47962e-14
3.48455e-14
3.48877e-14
3.49276e-14
3.49654e-14
3.50055e-14
3.50364e-14
3.50815e-14
3.51247e-14
3.51766e-14
3.52154e-14
3.52503e-14
3.52857e-14
3.53277e-14
3.53658e-14
3.5405e-14
3.54413e-14
3.54856e-14
3.55242e-14
3.55617e-14
3.56062e-14
3.56441e-14
3.56817e-14
3.57248e-14
3.57649e-14
3.57991e-14
3.58457e-14
3.58885e-14
3.59368e-14
3.59825e-14
3.60282e-14
3.60769e-14
3.61262e-14
3.61669e-14
3.62005e-14
3.62342e-14
3.62782e-14
3.63158e-14
3.63495e-14
3.6383e-14
3.64126e-14
3.64448e-14
3.64778e-14
2.90037e-14
2.90252e-14
2.90555e-14
2.90796e-14
2.90977e-14
2.91238e-14
2.91423e-14
2.9169e-14
2.91934e-14
2.92218e-14
2.9249e-14
2.92761e-14
2.93062e-14
2.93264e-14
2.93519e-14
2.93822e-14
2.94143e-14
2.94421e-14
2.94674e-14
2.94957e-14
2.9525e-14
2.95538e-14
2.95827e-14
2.96175e-14
2.96529e-14
2.96828e-14
2.97093e-14
2.97419e-14
2.97761e-14
2.98089e-14
2.98396e-14
2.98756e-14
2.99097e-14
2.99431e-14
2.99766e-14
3.0015e-14
3.00702e-14
3.01115e-14
3.01566e-14
3.02162e-14
3.02759e-14
3.03611e-14
3.0458e-14
3.05859e-14
3.07433e-14
3.09192e-14
3.10698e-14
3.12231e-14
3.13595e-14
3.14737e-14
3.15611e-14
3.16531e-14
3.17218e-14
3.17887e-14
3.18418e-14
3.18962e-14
3.1947e-14
3.2003e-14
3.20558e-14
3.21163e-14
3.2184e-14
3.22302e-14
3.22844e-14
3.23369e-14
3.23901e-14
3.24309e-14
3.24759e-14
3.25397e-14
3.25893e-14
3.26594e-14
3.27294e-14
3.27811e-14
3.28341e-14
3.28893e-14
3.29706e-14
3.30292e-14
3.30793e-14
3.31294e-14
3.31891e-14
3.32521e-14
3.33036e-14
3.33673e-14
3.34364e-14
3.35097e-14
3.35564e-14
3.36171e-14
3.3665e-14
3.37423e-14
3.37987e-14
3.3842e-14
3.38922e-14
3.39435e-14
3.39857e-14
3.4024e-14
3.40653e-14
3.41187e-14
3.41581e-14
3.42015e-14
3.42645e-14
3.43071e-14
3.43765e-14
3.44208e-14
3.44672e-14
3.45065e-14
3.45486e-14
3.4589e-14
3.46409e-14
3.46862e-14
3.47237e-14
3.4759e-14
3.48002e-14
3.48433e-14
3.48912e-14
3.49259e-14
3.49571e-14
3.49965e-14
3.5039e-14
3.50755e-14
3.51163e-14
3.51548e-14
3.51886e-14
3.52319e-14
3.52754e-14
3.53117e-14
3.53491e-14
3.53882e-14
3.54234e-14
3.54585e-14
3.54967e-14
3.55286e-14
3.55581e-14
3.55884e-14
3.56295e-14
3.56754e-14
3.57139e-14
3.57534e-14
3.57947e-14
3.58356e-14
3.58796e-14
3.59181e-14
3.59528e-14
3.59849e-14
3.60303e-14
3.60601e-14
3.60948e-14
3.61245e-14
3.61572e-14
3.61926e-14
3.62254e-14
2.87442e-14
2.87738e-14
2.87959e-14
2.88199e-14
2.88421e-14
2.8867e-14
2.88924e-14
2.89188e-14
2.89446e-14
2.89737e-14
2.89958e-14
2.9023e-14
2.90551e-14
2.90763e-14
2.91026e-14
2.91339e-14
2.9174e-14
2.92079e-14
2.92336e-14
2.92637e-14
2.92917e-14
2.93152e-14
2.93419e-14
2.93724e-14
2.94053e-14
2.94364e-14
2.94671e-14
2.94934e-14
2.95241e-14
2.95569e-14
2.95937e-14
2.96255e-14
2.96616e-14
2.96956e-14
2.97305e-14
2.9773e-14
2.98192e-14
2.98618e-14
2.9918e-14
2.99839e-14
3.00468e-14
3.01215e-14
3.02238e-14
3.0351e-14
3.0502e-14
3.06588e-14
3.08265e-14
3.09802e-14
3.11346e-14
3.12521e-14
3.13521e-14
3.14455e-14
3.15271e-14
3.15992e-14
3.16618e-14
3.17184e-14
3.17765e-14
3.18275e-14
3.18767e-14
3.1926e-14
3.1982e-14
3.20286e-14
3.20778e-14
3.21362e-14
3.21889e-14
3.22341e-14
3.22776e-14
3.23307e-14
3.23828e-14
3.24469e-14
3.25061e-14
3.25695e-14
3.26234e-14
3.26761e-14
3.27538e-14
3.28025e-14
3.28507e-14
3.28966e-14
3.29431e-14
3.29895e-14
3.30357e-14
3.30989e-14
3.31498e-14
3.32192e-14
3.3274e-14
3.33183e-14
3.33638e-14
3.34152e-14
3.34799e-14
3.35347e-14
3.35808e-14
3.36203e-14
3.36647e-14
3.37041e-14
3.37522e-14
3.38041e-14
3.38385e-14
3.38867e-14
3.39301e-14
3.39802e-14
3.40383e-14
3.41016e-14
3.4147e-14
3.41849e-14
3.42233e-14
3.4272e-14
3.43121e-14
3.43516e-14
3.44111e-14
3.4445e-14
3.44866e-14
3.45179e-14
3.45546e-14
3.45886e-14
3.46187e-14
3.46532e-14
3.46853e-14
3.47196e-14
3.47662e-14
3.48103e-14
3.48493e-14
3.48898e-14
3.49276e-14
3.49611e-14
3.49968e-14
3.50359e-14
3.50747e-14
3.51117e-14
3.51468e-14
3.51833e-14
3.52177e-14
3.52516e-14
3.52995e-14
3.53409e-14
3.53721e-14
3.5407e-14
3.54403e-14
3.54728e-14
3.55176e-14
3.55568e-14
3.55905e-14
3.56314e-14
3.56761e-14
3.57132e-14
3.57528e-14
3.57854e-14
3.5819e-14
3.58555e-14
3.58952e-14
2.75498e-14
2.75882e-14
2.76128e-14
2.76411e-14
2.76655e-14
2.76924e-14
2.77149e-14
2.77395e-14
2.77686e-14
2.7788e-14
2.78131e-14
2.78404e-14
2.78697e-14
2.78913e-14
2.79137e-14
2.7941e-14
2.79721e-14
2.79969e-14
2.80179e-14
2.80454e-14
2.80697e-14
2.80934e-14
2.8117e-14
2.81502e-14
2.81741e-14
2.82014e-14
2.82335e-14
2.82655e-14
2.82946e-14
2.83275e-14
2.83735e-14
2.84036e-14
2.84323e-14
2.8466e-14
2.85028e-14
2.85472e-14
2.85926e-14
2.86309e-14
2.86748e-14
2.87413e-14
2.88047e-14
2.88883e-14
2.8985e-14
2.90897e-14
2.92397e-14
2.94035e-14
2.95642e-14
2.97101e-14
2.98612e-14
2.99708e-14
3.00721e-14
3.01559e-14
3.023e-14
3.03085e-14
3.03772e-14
3.04376e-14
3.04961e-14
3.055e-14
3.06002e-14
3.06475e-14
3.07021e-14
3.07506e-14
3.08044e-14
3.08584e-14
3.09096e-14
3.0948e-14
3.09884e-14
3.10386e-14
3.10926e-14
3.11536e-14
3.12048e-14
3.12674e-14
3.13205e-14
3.13893e-14
3.14631e-14
3.15237e-14
3.1575e-14
3.162e-14
3.16563e-14
3.17033e-14
3.17451e-14
3.17911e-14
3.18378e-14
3.19008e-14
3.19545e-14
3.20095e-14
3.20579e-14
3.21092e-14
3.21542e-14
3.21944e-14
3.22336e-14
3.22732e-14
3.23192e-14
3.23603e-14
3.24024e-14
3.2457e-14
3.25026e-14
3.25456e-14
3.25888e-14
3.26243e-14
3.26761e-14
3.27206e-14
3.27602e-14
3.27903e-14
3.2827e-14
3.28691e-14
3.29113e-14
3.29532e-14
3.29986e-14
3.30312e-14
3.3067e-14
3.31009e-14
3.31352e-14
3.31753e-14
3.32122e-14
3.32501e-14
3.32778e-14
3.33091e-14
3.33455e-14
3.33812e-14
3.34181e-14
3.34565e-14
3.34846e-14
3.35108e-14
3.35465e-14
3.35775e-14
3.36101e-14
3.3647e-14
3.36852e-14
3.37166e-14
3.37495e-14
3.37933e-14
3.38316e-14
3.38679e-14
3.38993e-14
3.39329e-14
3.39713e-14
3.40037e-14
3.40367e-14
3.40713e-14
3.41127e-14
3.41529e-14
3.41879e-14
3.42232e-14
3.42588e-14
3.42944e-14
3.43258e-14
3.43643e-14
3.43983e-14
2.70112e-14
2.70294e-14
2.70513e-14
2.70722e-14
2.71044e-14
2.71273e-14
2.71446e-14
2.71652e-14
2.71948e-14
2.72156e-14
2.72438e-14
2.727e-14
2.72949e-14
2.73202e-14
2.73423e-14
2.7369e-14
2.73966e-14
2.74152e-14
2.74352e-14
2.74587e-14
2.7485e-14
2.75145e-14
2.75379e-14
2.75662e-14
2.7588e-14
2.76109e-14
2.76376e-14
2.76647e-14
2.76889e-14
2.77218e-14
2.77532e-14
2.77798e-14
2.78085e-14
2.78422e-14
2.78791e-14
2.79211e-14
2.79703e-14
2.80122e-14
2.80645e-14
2.81036e-14
2.81604e-14
2.82535e-14
2.83373e-14
2.84346e-14
2.85655e-14
2.87188e-14
2.88681e-14
2.90054e-14
2.91639e-14
2.92731e-14
2.93923e-14
2.94747e-14
2.95508e-14
2.96217e-14
2.96953e-14
2.97547e-14
2.98154e-14
2.98697e-14
2.99268e-14
2.99834e-14
3.0048e-14
3.00973e-14
3.01552e-14
3.02018e-14
3.02502e-14
3.02927e-14
3.03319e-14
3.03858e-14
3.04321e-14
3.04772e-14
3.05411e-14
3.06094e-14
3.06615e-14
3.07161e-14
3.07666e-14
3.08332e-14
3.0882e-14
3.0914e-14
3.09551e-14
3.10029e-14
3.10528e-14
3.10985e-14
3.11407e-14
3.11996e-14
3.12557e-14
3.1317e-14
3.13628e-14
3.14194e-14
3.14605e-14
3.15063e-14
3.1538e-14
3.15794e-14
3.16197e-14
3.16735e-14
3.17185e-14
3.17663e-14
3.18168e-14
3.18623e-14
3.19003e-14
3.19362e-14
3.19941e-14
3.20374e-14
3.20757e-14
3.21117e-14
3.21652e-14
3.2211e-14
3.22553e-14
3.22998e-14
3.2352e-14
3.23962e-14
3.2439e-14
3.24749e-14
3.2511e-14
3.25424e-14
3.25779e-14
3.26144e-14
3.26527e-14
3.26994e-14
3.27327e-14
3.2767e-14
3.27933e-14
3.2827e-14
3.28603e-14
3.28972e-14
3.29384e-14
3.29692e-14
3.30024e-14
3.30337e-14
3.30629e-14
3.30956e-14
3.3133e-14
3.31613e-14
3.31939e-14
3.32316e-14
3.32646e-14
3.32966e-14
3.33263e-14
3.33553e-14
3.33867e-14
3.34299e-14
3.34735e-14
3.35038e-14
3.35374e-14
3.35688e-14
3.36022e-14
3.36316e-14
3.36641e-14
3.37068e-14
3.37382e-14
2.68325e-14
2.68509e-14
2.6876e-14
2.69007e-14
2.69205e-14
2.69403e-14
2.69612e-14
2.69814e-14
2.70018e-14
2.70247e-14
2.7053e-14
2.70754e-14
2.70952e-14
2.71265e-14
2.71566e-14
2.71837e-14
2.7209e-14
2.72266e-14
2.72502e-14
2.72786e-14
2.73063e-14
2.73284e-14
2.73547e-14
2.73774e-14
2.73999e-14
2.74179e-14
2.74468e-14
2.74753e-14
2.75114e-14
2.75439e-14
2.75758e-14
2.76091e-14
2.76404e-14
2.76787e-14
2.77134e-14
2.77502e-14
2.77979e-14
2.78486e-14
2.78828e-14
2.79227e-14
2.79774e-14
2.80412e-14
2.81205e-14
2.82228e-14
2.83539e-14
2.84946e-14
2.86452e-14
2.87926e-14
2.89474e-14
2.90744e-14
2.91774e-14
2.92783e-14
2.93628e-14
2.9429e-14
2.95041e-14
2.95695e-14
2.96271e-14
2.96781e-14
2.97349e-14
2.97929e-14
2.98485e-14
2.99095e-14
2.99606e-14
3.00075e-14
3.00547e-14
3.0104e-14
3.01462e-14
3.01905e-14
3.02442e-14
3.02896e-14
3.03385e-14
3.03928e-14
3.04491e-14
3.04978e-14
3.0546e-14
3.05984e-14
3.06513e-14
3.06938e-14
3.07323e-14
3.07804e-14
3.0826e-14
3.08758e-14
3.09346e-14
3.09871e-14
3.1036e-14
3.10868e-14
3.11249e-14
3.11779e-14
3.1221e-14
3.12615e-14
3.13038e-14
3.13444e-14
3.13771e-14
3.14306e-14
3.14758e-14
3.15279e-14
3.15996e-14
3.16497e-14
3.16957e-14
3.1751e-14
3.18062e-14
3.18481e-14
3.18901e-14
3.19419e-14
3.19991e-14
3.20504e-14
3.20955e-14
3.21343e-14
3.21812e-14
3.22143e-14
3.22467e-14
3.2279e-14
3.23185e-14
3.23507e-14
3.23868e-14
3.24208e-14
3.24538e-14
3.24917e-14
3.25232e-14
3.25537e-14
3.25838e-14
3.2611e-14
3.26435e-14
3.26823e-14
3.27107e-14
3.27548e-14
3.27935e-14
3.28297e-14
3.28562e-14
3.28814e-14
3.29145e-14
3.29502e-14
3.29827e-14
3.3019e-14
3.3052e-14
3.30888e-14
3.31193e-14
3.31496e-14
3.31791e-14
3.32172e-14
3.32519e-14
3.32738e-14
3.33028e-14
3.33374e-14
3.33739e-14
3.34064e-14
3.34383e-14
3.3479e-14
3.35155e-14
2.56431e-14
2.56632e-14
2.56853e-14
2.57119e-14
2.57348e-14
2.57512e-14
2.57695e-14
2.57928e-14
2.582e-14
2.58429e-14
2.58693e-14
2.58901e-14
2.5911e-14
2.59453e-14
2.59699e-14
2.59932e-14
2.60181e-14
2.60391e-14
2.60638e-14
2.60883e-14
2.61152e-14
2.61405e-14
2.61646e-14
2.61908e-14
2.62152e-14
2.62354e-14
2.62667e-14
2.62949e-14
2.63266e-14
2.6356e-14
2.6386e-14
2.64098e-14
2.64357e-14
2.64748e-14
2.65034e-14
2.65324e-14
2.65656e-14
2.66032e-14
2.66324e-14
2.6683e-14
2.67434e-14
2.68004e-14
2.68781e-14
2.69723e-14
2.70969e-14
2.72188e-14
2.73654e-14
2.75077e-14
2.76673e-14
2.78036e-14
2.79063e-14
2.7993e-14
2.80692e-14
2.81455e-14
2.82202e-14
2.82893e-14
2.83519e-14
2.83999e-14
2.84483e-14
2.85263e-14
2.85701e-14
2.86291e-14
2.86913e-14
2.87372e-14
2.87902e-14
2.88372e-14
2.88783e-14
2.89291e-14
2.89908e-14
2.90458e-14
2.90911e-14
2.91431e-14
2.91884e-14
2.92281e-14
2.92774e-14
2.93223e-14
2.93666e-14
2.94081e-14
2.94503e-14
2.94933e-14
2.9539e-14
2.9576e-14
2.96201e-14
2.96671e-14
2.97177e-14
2.97726e-14
2.98163e-14
2.98534e-14
2.98884e-14
2.99231e-14
2.99703e-14
3.00109e-14
3.00659e-14
3.01143e-14
3.0152e-14
3.02056e-14
3.02515e-14
3.029e-14
3.03338e-14
3.03713e-14
3.04115e-14
3.04433e-14
3.04824e-14
3.05267e-14
3.05726e-14
3.06127e-14
3.06516e-14
3.06857e-14
3.07276e-14
3.07735e-14
3.08067e-14
3.08402e-14
3.08837e-14
3.09156e-14
3.09477e-14
3.09757e-14
3.10016e-14
3.10465e-14
3.10776e-14
3.11112e-14
3.11411e-14
3.11704e-14
3.11976e-14
3.12306e-14
3.12578e-14
3.12856e-14
3.13167e-14
3.13584e-14
3.13942e-14
3.14245e-14
3.14514e-14
3.14838e-14
3.15133e-14
3.15526e-14
3.15963e-14
3.16306e-14
3.16676e-14
3.16985e-14
3.17267e-14
3.17515e-14
3.1784e-14
3.18087e-14
3.18359e-14
3.18722e-14
3.19084e-14
3.19353e-14
3.19642e-14
3.20044e-14
3.20276e-14
2.37216e-14
2.37436e-14
2.37618e-14
2.37775e-14
2.37951e-14
2.38123e-14
2.38318e-14
2.38504e-14
2.38718e-14
2.38895e-14
2.39134e-14
2.39415e-14
2.39652e-14
2.39942e-14
2.40149e-14
2.40347e-14
2.40623e-14
2.40844e-14
2.41062e-14
2.41269e-14
2.41547e-14
2.41806e-14
2.42057e-14
2.42269e-14
2.42478e-14
2.42794e-14
2.43101e-14
2.43352e-14
2.43644e-14
2.43889e-14
2.4412e-14
2.44324e-14
2.44565e-14
2.44836e-14
2.45103e-14
2.45407e-14
2.45733e-14
2.46075e-14
2.46427e-14
2.46945e-14
2.47424e-14
2.47861e-14
2.48569e-14
2.49534e-14
2.50481e-14
2.5167e-14
2.52981e-14
2.54349e-14
2.56033e-14
2.57323e-14
2.58363e-14
2.59289e-14
2.60166e-14
2.60936e-14
2.61604e-14
2.62223e-14
2.62775e-14
2.63361e-14
2.63934e-14
2.6442e-14
2.64866e-14
2.65395e-14
2.65862e-14
2.66255e-14
2.66642e-14
2.67014e-14
2.67402e-14
2.67843e-14
2.68459e-14
2.68871e-14
2.69313e-14
2.69766e-14
2.70245e-14
2.70689e-14
2.71129e-14
2.71583e-14
2.71994e-14
2.72309e-14
2.72659e-14
2.73112e-14
2.73517e-14
2.7393e-14
2.74346e-14
2.7489e-14
2.75384e-14
2.75887e-14
2.76256e-14
2.76596e-14
2.76995e-14
2.77361e-14
2.77678e-14
2.77979e-14
2.78417e-14
2.78772e-14
2.79294e-14
2.79713e-14
2.80122e-14
2.80498e-14
2.80795e-14
2.81149e-14
2.8145e-14
2.81761e-14
2.8218e-14
2.82576e-14
2.82964e-14
2.83341e-14
2.83706e-14
2.8409e-14
2.84502e-14
2.84896e-14
2.85208e-14
2.85541e-14
2.85851e-14
2.86122e-14
2.86406e-14
2.86646e-14
2.86932e-14
2.87201e-14
2.87476e-14
2.87749e-14
2.87994e-14
2.88202e-14
2.88492e-14
2.88813e-14
2.89142e-14
2.89429e-14
2.89681e-14
2.89962e-14
2.90282e-14
2.90645e-14
2.90987e-14
2.91365e-14
2.9172e-14
2.92018e-14
2.92379e-14
2.92654e-14
2.92942e-14
2.93205e-14
2.93501e-14
2.93793e-14
2.94062e-14
2.94335e-14
2.9462e-14
2.94899e-14
2.95266e-14
2.95511e-14
2.95759e-14
2.96074e-14
2.96306e-14
2.27439e-14
2.27623e-14
2.27818e-14
2.27973e-14
2.2813e-14
2.28316e-14
2.28487e-14
2.28672e-14
2.28871e-14
2.29095e-14
2.29297e-14
2.29575e-14
2.29799e-14
2.29999e-14
2.3019e-14
2.30376e-14
2.30621e-14
2.30831e-14
2.31068e-14
2.31283e-14
2.31465e-14
2.31653e-14
2.31845e-14
2.32019e-14
2.32295e-14
2.32544e-14
2.32791e-14
2.33054e-14
2.33299e-14
2.33553e-14
2.33796e-14
2.34024e-14
2.34266e-14
2.34576e-14
2.34907e-14
2.35286e-14
2.35593e-14
2.35933e-14
2.36326e-14
2.36775e-14
2.37198e-14
2.37669e-14
2.384e-14
2.39438e-14
2.40383e-14
2.41542e-14
2.42872e-14
2.44294e-14
2.45762e-14
2.47125e-14
2.48234e-14
2.49037e-14
2.49876e-14
2.5058e-14
2.51161e-14
2.51673e-14
2.52291e-14
2.52892e-14
2.53467e-14
2.54026e-14
2.54465e-14
2.54909e-14
2.55324e-14
2.55686e-14
2.56126e-14
2.56479e-14
2.56866e-14
2.57268e-14
2.57679e-14
2.5802e-14
2.58421e-14
2.58902e-14
2.59374e-14
2.59925e-14
2.60307e-14
2.60695e-14
2.61019e-14
2.61375e-14
2.61761e-14
2.62104e-14
2.62579e-14
2.63002e-14
2.63338e-14
2.63749e-14
2.64092e-14
2.64541e-14
2.64995e-14
2.65402e-14
2.65826e-14
2.66155e-14
2.665e-14
2.66834e-14
2.67198e-14
2.67537e-14
2.67837e-14
2.68184e-14
2.6853e-14
2.68962e-14
2.69372e-14
2.69596e-14
2.69895e-14
2.70262e-14
2.7057e-14
2.70861e-14
2.71227e-14
2.71604e-14
2.72027e-14
2.72417e-14
2.72737e-14
2.73092e-14
2.73386e-14
2.73705e-14
2.74017e-14
2.74324e-14
2.74594e-14
2.74825e-14
2.75103e-14
2.75361e-14
2.75615e-14
2.75884e-14
2.7613e-14
2.76369e-14
2.76617e-14
2.76863e-14
2.77105e-14
2.77396e-14
2.77657e-14
2.77923e-14
2.7822e-14
2.78454e-14
2.78739e-14
2.79052e-14
2.79355e-14
2.79667e-14
2.79976e-14
2.80215e-14
2.80499e-14
2.8086e-14
2.81191e-14
2.81487e-14
2.81756e-14
2.82064e-14
2.8236e-14
2.8273e-14
2.83108e-14
2.83349e-14
2.83594e-14
2.83876e-14
2.84095e-14
this file was made with simple_Drift.C and the following settings
Input SpaceCharge_smallsteps_GEANT3_ALICE_L5_1MeV_cuts_withPIPE_MVD.dat;
EventsSimInInput 10000;
EventsToSim 40000000;
Rate 0.02;
IonDriftVel 1.766e-06
