-1-1-1-1-1-1
  2.597488e+01   0.000000e+00   1.124041e+03
  9.992001e-01   0.000000e+00   3.998933e-02   0.000000e+00   1.000000e+00   0.000000e+00  -3.998933e-02   0.000000e+00   9.992001e-01
0000-1-1
  6.967366e+00   2.263834e+00  -2.500000e-01
  9.510565e-01  -3.090170e-01   0.000000e+00   3.090170e-01   9.510565e-01  -0.000000e+00   0.000000e+00   0.000000e+00   1.000000e+00
000000
 -2.546939e+00  -5.013234e-01  -1.250000e-02
 -9.510565e-01  -3.090170e-01   0.000000e+00   3.090170e-01  -9.510565e-01   0.000000e+00   0.000000e+00   0.000000e+00   1.000000e+00
000001
 -6.448262e-01  -1.119357e+00  -1.250000e-02
 -9.510565e-01  -3.090170e-01   0.000000e+00   3.090170e-01  -9.510565e-01   0.000000e+00   0.000000e+00   0.000000e+00   1.000000e+00
000002
  1.257287e+00  -1.737391e+00  -1.250000e-02
 -9.510565e-01  -3.090170e-01   0.000000e+00   3.090170e-01  -9.510565e-01   0.000000e+00   0.000000e+00   0.000000e+00   1.000000e+00
000011
  4.109449e-03   8.778613e-01  -1.250000e-02
  9.510565e-01   3.090170e-01   0.000000e+00  -3.090170e-01   9.510565e-01   0.000000e+00   0.000000e+00   0.000000e+00   1.000000e+00
000012
  1.906222e+00   2.598273e-01  -1.250000e-02
  9.510565e-01   3.090170e-01   0.000000e+00  -3.090170e-01   9.510565e-01   0.000000e+00   0.000000e+00   0.000000e+00   1.000000e+00
0001-1-1
  6.967366e+00   2.263834e+00  -2.500000e-01
  9.510565e-01   3.090170e-01   3.784242e-17   3.090170e-01  -9.510565e-01  -1.164670e-16   0.000000e+00   1.224606e-16  -1.000000e+00
000100
 -2.546939e+00  -5.013234e-01  -1.250000e-02
 -9.510565e-01  -3.090170e-01   0.000000e+00   3.090170e-01  -9.510565e-01   0.000000e+00   0.000000e+00   0.000000e+00   1.000000e+00
000101
 -6.448262e-01  -1.119357e+00  -1.250000e-02
 -9.510565e-01  -3.090170e-01   0.000000e+00   3.090170e-01  -9.510565e-01   0.000000e+00   0.000000e+00   0.000000e+00   1.000000e+00
000102
  1.257287e+00  -1.737391e+00  -1.250000e-02
 -9.510565e-01  -3.090170e-01   0.000000e+00   3.090170e-01  -9.510565e-01   0.000000e+00   0.000000e+00   0.000000e+00   1.000000e+00
000111
  4.109449e-03   8.778613e-01  -1.250000e-02
  9.510565e-01   3.090170e-01   0.000000e+00  -3.090170e-01   9.510565e-01   0.000000e+00   0.000000e+00   0.000000e+00   1.000000e+00
000112
  1.906222e+00   2.598273e-01  -1.250000e-02
  9.510565e-01   3.090170e-01   0.000000e+00  -3.090170e-01   9.510565e-01   0.000000e+00   0.000000e+00   0.000000e+00   1.000000e+00
0010-1-1
  4.306069e+00   5.926795e+00   2.500000e-01
  5.877853e-01  -8.090170e-01   0.000000e+00   8.090170e-01   5.877853e-01  -0.000000e+00   0.000000e+00   0.000000e+00   1.000000e+00
001000
 -2.546939e+00  -5.013234e-01  -1.250000e-02
 -9.510565e-01  -3.090170e-01   0.000000e+00   3.090170e-01  -9.510565e-01   0.000000e+00   0.000000e+00   0.000000e+00   1.000000e+00
001001
 -6.448262e-01  -1.119357e+00  -1.250000e-02
 -9.510565e-01  -3.090170e-01   0.000000e+00   3.090170e-01  -9.510565e-01   0.000000e+00   0.000000e+00   0.000000e+00   1.000000e+00
001002
  1.257287e+00  -1.737391e+00  -1.250000e-02
 -9.510565e-01  -3.090170e-01   0.000000e+00   3.090170e-01  -9.510565e-01   0.000000e+00   0.000000e+00   0.000000e+00   1.000000e+00
001011
  4.109449e-03   8.778613e-01  -1.250000e-02
  9.510565e-01   3.090170e-01   0.000000e+00  -3.090170e-01   9.510565e-01   0.000000e+00   0.000000e+00   0.000000e+00   1.000000e+00
001012
  1.906222e+00   2.598273e-01  -1.250000e-02
  9.510565e-01   3.090170e-01   0.000000e+00  -3.090170e-01   9.510565e-01   0.000000e+00   0.000000e+00   0.000000e+00   1.000000e+00
0011-1-1
  4.306069e+00   5.926795e+00   2.500000e-01
  5.877853e-01   8.090170e-01   9.907274e-17   8.090170e-01  -5.877853e-01  -7.198056e-17   0.000000e+00   1.224606e-16  -1.000000e+00
001100
 -2.546939e+00  -5.013234e-01  -1.250000e-02
 -9.510565e-01  -3.090170e-01   0.000000e+00   3.090170e-01  -9.510565e-01   0.000000e+00   0.000000e+00   0.000000e+00   1.000000e+00
001101
 -6.448262e-01  -1.119357e+00  -1.250000e-02
 -9.510565e-01  -3.090170e-01   0.000000e+00   3.090170e-01  -9.510565e-01   0.000000e+00   0.000000e+00   0.000000e+00   1.000000e+00
001102
  1.257287e+00  -1.737391e+00  -1.250000e-02
 -9.510565e-01  -3.090170e-01   0.000000e+00   3.090170e-01  -9.510565e-01   0.000000e+00   0.000000e+00   0.000000e+00   1.000000e+00
001111
  4.109449e-03   8.778613e-01  -1.250000e-02
  9.510565e-01   3.090170e-01   0.000000e+00  -3.090170e-01   9.510565e-01   0.000000e+00   0.000000e+00   0.000000e+00   1.000000e+00
001112
  1.906222e+00   2.598273e-01  -1.250000e-02
  9.510565e-01   3.090170e-01   0.000000e+00  -3.090170e-01   9.510565e-01   0.000000e+00   0.000000e+00   0.000000e+00   1.000000e+00
0020-1-1
 -1.502572e-09   7.325922e+00  -2.500000e-01
  6.123032e-17  -1.000000e+00   0.000000e+00   1.000000e+00   6.123032e-17  -0.000000e+00   0.000000e+00   0.000000e+00   1.000000e+00
002000
 -2.546939e+00  -5.013234e-01  -1.250000e-02
 -9.510565e-01  -3.090170e-01   0.000000e+00   3.090170e-01  -9.510565e-01   0.000000e+00   0.000000e+00   0.000000e+00   1.000000e+00
002001
 -6.448262e-01  -1.119357e+00  -1.250000e-02
 -9.510565e-01  -3.090170e-01   0.000000e+00   3.090170e-01  -9.510565e-01   0.000000e+00   0.000000e+00   0.000000e+00   1.000000e+00
002002
  1.257287e+00  -1.737391e+00  -1.250000e-02
 -9.510565e-01  -3.090170e-01   0.000000e+00   3.090170e-01  -9.510565e-01   0.000000e+00   0.000000e+00   0.000000e+00   1.000000e+00
002011
  4.109449e-03   8.778613e-01  -1.250000e-02
  9.510565e-01   3.090170e-01   0.000000e+00  -3.090170e-01   9.510565e-01   0.000000e+00   0.000000e+00   0.000000e+00   1.000000e+00
002012
  1.906222e+00   2.598273e-01  -1.250000e-02
  9.510565e-01   3.090170e-01   0.000000e+00  -3.090170e-01   9.510565e-01   0.000000e+00   0.000000e+00   0.000000e+00   1.000000e+00
0021-1-1
 -1.502572e-09   7.325922e+00  -2.500000e-01
  6.123032e-17   1.000000e+00   1.224606e-16   1.000000e+00  -6.123032e-17  -7.498304e-33   0.000000e+00   1.224606e-16  -1.000000e+00
002100
 -2.546939e+00  -5.013234e-01  -1.250000e-02
 -9.510565e-01  -3.090170e-01   0.000000e+00   3.090170e-01  -9.510565e-01   0.000000e+00   0.000000e+00   0.000000e+00   1.000000e+00
002101
 -6.448262e-01  -1.119357e+00  -1.250000e-02
 -9.510565e-01  -3.090170e-01   0.000000e+00   3.090170e-01  -9.510565e-01   0.000000e+00   0.000000e+00   0.000000e+00   1.000000e+00
002102
  1.257287e+00  -1.737391e+00  -1.250000e-02
 -9.510565e-01  -3.090170e-01   0.000000e+00   3.090170e-01  -9.510565e-01   0.000000e+00   0.000000e+00   0.000000e+00   1.000000e+00
002111
  4.109449e-03   8.778613e-01  -1.250000e-02
  9.510565e-01   3.090170e-01   0.000000e+00  -3.090170e-01   9.510565e-01   0.000000e+00   0.000000e+00   0.000000e+00   1.000000e+00
002112
  1.906222e+00   2.598273e-01  -1.250000e-02
  9.510565e-01   3.090170e-01   0.000000e+00  -3.090170e-01   9.510565e-01   0.000000e+00   0.000000e+00   0.000000e+00   1.000000e+00
0030-1-1
 -4.306069e+00   5.926795e+00   2.500000e-01
 -5.877853e-01  -8.090170e-01   0.000000e+00   8.090170e-01  -5.877853e-01  -0.000000e+00   0.000000e+00  -0.000000e+00   1.000000e+00
003000
 -2.546939e+00  -5.013234e-01  -1.250000e-02
 -9.510565e-01  -3.090170e-01   0.000000e+00   3.090170e-01  -9.510565e-01   0.000000e+00   0.000000e+00   0.000000e+00   1.000000e+00
003001
 -6.448262e-01  -1.119357e+00  -1.250000e-02
 -9.510565e-01  -3.090170e-01   0.000000e+00   3.090170e-01  -9.510565e-01   0.000000e+00   0.000000e+00   0.000000e+00   1.000000e+00
003002
  1.257287e+00  -1.737391e+00  -1.250000e-02
 -9.510565e-01  -3.090170e-01   0.000000e+00   3.090170e-01  -9.510565e-01   0.000000e+00   0.000000e+00   0.000000e+00   1.000000e+00
003011
  4.109449e-03   8.778613e-01  -1.250000e-02
  9.510565e-01   3.090170e-01   0.000000e+00  -3.090170e-01   9.510565e-01   0.000000e+00   0.000000e+00   0.000000e+00   1.000000e+00
003012
  1.906222e+00   2.598273e-01  -1.250000e-02
  9.510565e-01   3.090170e-01   0.000000e+00  -3.090170e-01   9.510565e-01   0.000000e+00   0.000000e+00   0.000000e+00   1.000000e+00
0031-1-1
 -4.306069e+00   5.926795e+00   2.500000e-01
 -5.877853e-01   8.090170e-01   9.907274e-17   8.090170e-01   5.877853e-01   7.198056e-17   0.000000e+00   1.224606e-16  -1.000000e+00
003100
 -2.546939e+00  -5.013234e-01  -1.250000e-02
 -9.510565e-01  -3.090170e-01   0.000000e+00   3.090170e-01  -9.510565e-01   0.000000e+00   0.000000e+00   0.000000e+00   1.000000e+00
003101
 -6.448262e-01  -1.119357e+00  -1.250000e-02
 -9.510565e-01  -3.090170e-01   0.000000e+00   3.090170e-01  -9.510565e-01   0.000000e+00   0.000000e+00   0.000000e+00   1.000000e+00
003102
  1.257287e+00  -1.737391e+00  -1.250000e-02
 -9.510565e-01  -3.090170e-01   0.000000e+00   3.090170e-01  -9.510565e-01   0.000000e+00   0.000000e+00   0.000000e+00   1.000000e+00
003111
  4.109449e-03   8.778613e-01  -1.250000e-02
  9.510565e-01   3.090170e-01   0.000000e+00  -3.090170e-01   9.510565e-01   0.000000e+00   0.000000e+00   0.000000e+00   1.000000e+00
003112
  1.906222e+00   2.598273e-01  -1.250000e-02
  9.510565e-01   3.090170e-01   0.000000e+00  -3.090170e-01   9.510565e-01   0.000000e+00   0.000000e+00   0.000000e+00   1.000000e+00
0040-1-1
 -6.967366e+00   2.263834e+00  -2.500000e-01
 -9.510565e-01  -3.090170e-01   0.000000e+00   3.090170e-01  -9.510565e-01  -0.000000e+00   0.000000e+00  -0.000000e+00   1.000000e+00
004000
 -2.546939e+00  -5.013234e-01  -1.250000e-02
 -9.510565e-01  -3.090170e-01   0.000000e+00   3.090170e-01  -9.510565e-01   0.000000e+00   0.000000e+00   0.000000e+00   1.000000e+00
004001
 -6.448262e-01  -1.119357e+00  -1.250000e-02
 -9.510565e-01  -3.090170e-01   0.000000e+00   3.090170e-01  -9.510565e-01   0.000000e+00   0.000000e+00   0.000000e+00   1.000000e+00
004002
  1.257287e+00  -1.737391e+00  -1.250000e-02
 -9.510565e-01  -3.090170e-01   0.000000e+00   3.090170e-01  -9.510565e-01   0.000000e+00   0.000000e+00   0.000000e+00   1.000000e+00
004011
  4.109449e-03   8.778613e-01  -1.250000e-02
  9.510565e-01   3.090170e-01   0.000000e+00  -3.090170e-01   9.510565e-01   0.000000e+00   0.000000e+00   0.000000e+00   1.000000e+00
004012
  1.906222e+00   2.598273e-01  -1.250000e-02
  9.510565e-01   3.090170e-01   0.000000e+00  -3.090170e-01   9.510565e-01   0.000000e+00   0.000000e+00   0.000000e+00   1.000000e+00
0041-1-1
 -6.967366e+00   2.263834e+00  -2.500000e-01
 -9.510565e-01   3.090170e-01   3.784242e-17   3.090170e-01   9.510565e-01   1.164670e-16   0.000000e+00   1.224606e-16  -1.000000e+00
004100
 -2.546939e+00  -5.013234e-01  -1.250000e-02
 -9.510565e-01  -3.090170e-01   0.000000e+00   3.090170e-01  -9.510565e-01   0.000000e+00   0.000000e+00   0.000000e+00   1.000000e+00
004101
 -6.448262e-01  -1.119357e+00  -1.250000e-02
 -9.510565e-01  -3.090170e-01   0.000000e+00   3.090170e-01  -9.510565e-01   0.000000e+00   0.000000e+00   0.000000e+00   1.000000e+00
004102
  1.257287e+00  -1.737391e+00  -1.250000e-02
 -9.510565e-01  -3.090170e-01   0.000000e+00   3.090170e-01  -9.510565e-01   0.000000e+00   0.000000e+00   0.000000e+00   1.000000e+00
004111
  4.109449e-03   8.778613e-01  -1.250000e-02
  9.510565e-01   3.090170e-01   0.000000e+00  -3.090170e-01   9.510565e-01   0.000000e+00   0.000000e+00   0.000000e+00   1.000000e+00
004112
  1.906222e+00   2.598273e-01  -1.250000e-02
  9.510565e-01   3.090170e-01   0.000000e+00  -3.090170e-01   9.510565e-01   0.000000e+00   0.000000e+00   0.000000e+00   1.000000e+00
0100-1-1
  6.967366e+00   2.263834e+00   1.975000e+01
  9.510565e-01  -3.090170e-01   0.000000e+00   3.090170e-01   9.510565e-01   0.000000e+00   0.000000e+00   0.000000e+00   1.000000e+00
010000
 -2.546939e+00  -5.013234e-01  -1.250000e-02
 -9.510565e-01  -3.090170e-01   0.000000e+00   3.090170e-01  -9.510565e-01   0.000000e+00   0.000000e+00   0.000000e+00   1.000000e+00
010001
 -6.448262e-01  -1.119357e+00  -1.250000e-02
 -9.510565e-01  -3.090170e-01   0.000000e+00   3.090170e-01  -9.510565e-01   0.000000e+00   0.000000e+00   0.000000e+00   1.000000e+00
010002
  1.257287e+00  -1.737391e+00  -1.250000e-02
 -9.510565e-01  -3.090170e-01   0.000000e+00   3.090170e-01  -9.510565e-01   0.000000e+00   0.000000e+00   0.000000e+00   1.000000e+00
010011
  4.109449e-03   8.778613e-01  -1.250000e-02
  9.510565e-01   3.090170e-01   0.000000e+00  -3.090170e-01   9.510565e-01   0.000000e+00   0.000000e+00   0.000000e+00   1.000000e+00
010012
  1.906222e+00   2.598273e-01  -1.250000e-02
  9.510565e-01   3.090170e-01   0.000000e+00  -3.090170e-01   9.510565e-01   0.000000e+00   0.000000e+00   0.000000e+00   1.000000e+00
0101-1-1
  6.967366e+00   2.263834e+00   1.975000e+01
  9.510565e-01   3.090170e-01   3.784242e-17   3.090170e-01  -9.510565e-01  -1.164670e-16   0.000000e+00   1.224606e-16  -1.000000e+00
010100
 -2.546939e+00  -5.013234e-01  -1.250000e-02
 -9.510565e-01  -3.090170e-01   0.000000e+00   3.090170e-01  -9.510565e-01   0.000000e+00   0.000000e+00   0.000000e+00   1.000000e+00
010101
 -6.448262e-01  -1.119357e+00  -1.250000e-02
 -9.510565e-01  -3.090170e-01   0.000000e+00   3.090170e-01  -9.510565e-01   0.000000e+00   0.000000e+00   0.000000e+00   1.000000e+00
010102
  1.257287e+00  -1.737391e+00  -1.250000e-02
 -9.510565e-01  -3.090170e-01   0.000000e+00   3.090170e-01  -9.510565e-01   0.000000e+00   0.000000e+00   0.000000e+00   1.000000e+00
010111
  4.109449e-03   8.778613e-01  -1.250000e-02
  9.510565e-01   3.090170e-01   0.000000e+00  -3.090170e-01   9.510565e-01   0.000000e+00   0.000000e+00   0.000000e+00   1.000000e+00
010112
  1.906222e+00   2.598273e-01  -1.250000e-02
  9.510565e-01   3.090170e-01   0.000000e+00  -3.090170e-01   9.510565e-01   0.000000e+00   0.000000e+00   0.000000e+00   1.000000e+00
0110-1-1
  4.306069e+00   5.926795e+00   2.025000e+01
  5.877853e-01  -8.090170e-01   0.000000e+00   8.090170e-01   5.877853e-01   0.000000e+00   0.000000e+00   0.000000e+00   1.000000e+00
011000
 -2.546939e+00  -5.013234e-01  -1.250000e-02
 -9.510565e-01  -3.090170e-01   0.000000e+00   3.090170e-01  -9.510565e-01   0.000000e+00   0.000000e+00   0.000000e+00   1.000000e+00
011001
 -6.448262e-01  -1.119357e+00  -1.250000e-02
 -9.510565e-01  -3.090170e-01   0.000000e+00   3.090170e-01  -9.510565e-01   0.000000e+00   0.000000e+00   0.000000e+00   1.000000e+00
011002
  1.257287e+00  -1.737391e+00  -1.250000e-02
 -9.510565e-01  -3.090170e-01   0.000000e+00   3.090170e-01  -9.510565e-01   0.000000e+00   0.000000e+00   0.000000e+00   1.000000e+00
011011
  4.109449e-03   8.778613e-01  -1.250000e-02
  9.510565e-01   3.090170e-01   0.000000e+00  -3.090170e-01   9.510565e-01   0.000000e+00   0.000000e+00   0.000000e+00   1.000000e+00
011012
  1.906222e+00   2.598273e-01  -1.250000e-02
  9.510565e-01   3.090170e-01   0.000000e+00  -3.090170e-01   9.510565e-01   0.000000e+00   0.000000e+00   0.000000e+00   1.000000e+00
0111-1-1
  4.306069e+00   5.926795e+00   2.025000e+01
  5.877853e-01   8.090170e-01   9.907274e-17   8.090170e-01  -5.877853e-01  -7.198056e-17   0.000000e+00   1.224606e-16  -1.000000e+00
011100
 -2.546939e+00  -5.013234e-01  -1.250000e-02
 -9.510565e-01  -3.090170e-01   0.000000e+00   3.090170e-01  -9.510565e-01   0.000000e+00   0.000000e+00   0.000000e+00   1.000000e+00
011101
 -6.448262e-01  -1.119357e+00  -1.250000e-02
 -9.510565e-01  -3.090170e-01   0.000000e+00   3.090170e-01  -9.510565e-01   0.000000e+00   0.000000e+00   0.000000e+00   1.000000e+00
011102
  1.257287e+00  -1.737391e+00  -1.250000e-02
 -9.510565e-01  -3.090170e-01   0.000000e+00   3.090170e-01  -9.510565e-01   0.000000e+00   0.000000e+00   0.000000e+00   1.000000e+00
011111
  4.109449e-03   8.778613e-01  -1.250000e-02
  9.510565e-01   3.090170e-01   0.000000e+00  -3.090170e-01   9.510565e-01   0.000000e+00   0.000000e+00   0.000000e+00   1.000000e+00
011112
  1.906222e+00   2.598273e-01  -1.250000e-02
  9.510565e-01   3.090170e-01   0.000000e+00  -3.090170e-01   9.510565e-01   0.000000e+00   0.000000e+00   0.000000e+00   1.000000e+00
0120-1-1
 -1.502572e-09   7.325922e+00   1.975000e+01
  6.123032e-17  -1.000000e+00   0.000000e+00   1.000000e+00   6.123032e-17   0.000000e+00   0.000000e+00   0.000000e+00   1.000000e+00
012000
 -2.546939e+00  -5.013234e-01  -1.250000e-02
 -9.510565e-01  -3.090170e-01   0.000000e+00   3.090170e-01  -9.510565e-01   0.000000e+00   0.000000e+00   0.000000e+00   1.000000e+00
012001
 -6.448262e-01  -1.119357e+00  -1.250000e-02
 -9.510565e-01  -3.090170e-01   0.000000e+00   3.090170e-01  -9.510565e-01   0.000000e+00   0.000000e+00   0.000000e+00   1.000000e+00
012002
  1.257287e+00  -1.737391e+00  -1.250000e-02
 -9.510565e-01  -3.090170e-01   0.000000e+00   3.090170e-01  -9.510565e-01   0.000000e+00   0.000000e+00   0.000000e+00   1.000000e+00
012011
  4.109449e-03   8.778613e-01  -1.250000e-02
  9.510565e-01   3.090170e-01   0.000000e+00  -3.090170e-01   9.510565e-01   0.000000e+00   0.000000e+00   0.000000e+00   1.000000e+00
012012
  1.906222e+00   2.598273e-01  -1.250000e-02
  9.510565e-01   3.090170e-01   0.000000e+00  -3.090170e-01   9.510565e-01   0.000000e+00   0.000000e+00   0.000000e+00   1.000000e+00
0121-1-1
 -1.502572e-09   7.325922e+00   1.975000e+01
  6.123032e-17   1.000000e+00   1.224606e-16   1.000000e+00  -6.123032e-17  -7.498304e-33   0.000000e+00   1.224606e-16  -1.000000e+00
012100
 -2.546939e+00  -5.013234e-01  -1.250000e-02
 -9.510565e-01  -3.090170e-01   0.000000e+00   3.090170e-01  -9.510565e-01   0.000000e+00   0.000000e+00   0.000000e+00   1.000000e+00
012101
 -6.448262e-01  -1.119357e+00  -1.250000e-02
 -9.510565e-01  -3.090170e-01   0.000000e+00   3.090170e-01  -9.510565e-01   0.000000e+00   0.000000e+00   0.000000e+00   1.000000e+00
012102
  1.257287e+00  -1.737391e+00  -1.250000e-02
 -9.510565e-01  -3.090170e-01   0.000000e+00   3.090170e-01  -9.510565e-01   0.000000e+00   0.000000e+00   0.000000e+00   1.000000e+00
012111
  4.109449e-03   8.778613e-01  -1.250000e-02
  9.510565e-01   3.090170e-01   0.000000e+00  -3.090170e-01   9.510565e-01   0.000000e+00   0.000000e+00   0.000000e+00   1.000000e+00
012112
  1.906222e+00   2.598273e-01  -1.250000e-02
  9.510565e-01   3.090170e-01   0.000000e+00  -3.090170e-01   9.510565e-01   0.000000e+00   0.000000e+00   0.000000e+00   1.000000e+00
0130-1-1
 -4.306069e+00   5.926795e+00   2.025000e+01
 -5.877853e-01  -8.090170e-01   0.000000e+00   8.090170e-01  -5.877853e-01   0.000000e+00   0.000000e+00  -0.000000e+00   1.000000e+00
013000
 -2.546939e+00  -5.013234e-01  -1.250000e-02
 -9.510565e-01  -3.090170e-01   0.000000e+00   3.090170e-01  -9.510565e-01   0.000000e+00   0.000000e+00   0.000000e+00   1.000000e+00
013001
 -6.448262e-01  -1.119357e+00  -1.250000e-02
 -9.510565e-01  -3.090170e-01   0.000000e+00   3.090170e-01  -9.510565e-01   0.000000e+00   0.000000e+00   0.000000e+00   1.000000e+00
013002
  1.257287e+00  -1.737391e+00  -1.250000e-02
 -9.510565e-01  -3.090170e-01   0.000000e+00   3.090170e-01  -9.510565e-01   0.000000e+00   0.000000e+00   0.000000e+00   1.000000e+00
013011
  4.109449e-03   8.778613e-01  -1.250000e-02
  9.510565e-01   3.090170e-01   0.000000e+00  -3.090170e-01   9.510565e-01   0.000000e+00   0.000000e+00   0.000000e+00   1.000000e+00
013012
  1.906222e+00   2.598273e-01  -1.250000e-02
  9.510565e-01   3.090170e-01   0.000000e+00  -3.090170e-01   9.510565e-01   0.000000e+00   0.000000e+00   0.000000e+00   1.000000e+00
0131-1-1
 -4.306069e+00   5.926795e+00   2.025000e+01
 -5.877853e-01   8.090170e-01   9.907274e-17   8.090170e-01   5.877853e-01   7.198056e-17   0.000000e+00   1.224606e-16  -1.000000e+00
013100
 -2.546939e+00  -5.013234e-01  -1.250000e-02
 -9.510565e-01  -3.090170e-01   0.000000e+00   3.090170e-01  -9.510565e-01   0.000000e+00   0.000000e+00   0.000000e+00   1.000000e+00
013101
 -6.448262e-01  -1.119357e+00  -1.250000e-02
 -9.510565e-01  -3.090170e-01   0.000000e+00   3.090170e-01  -9.510565e-01   0.000000e+00   0.000000e+00   0.000000e+00   1.000000e+00
013102
  1.257287e+00  -1.737391e+00  -1.250000e-02
 -9.510565e-01  -3.090170e-01   0.000000e+00   3.090170e-01  -9.510565e-01   0.000000e+00   0.000000e+00   0.000000e+00   1.000000e+00
013111
  4.109449e-03   8.778613e-01  -1.250000e-02
  9.510565e-01   3.090170e-01   0.000000e+00  -3.090170e-01   9.510565e-01   0.000000e+00   0.000000e+00   0.000000e+00   1.000000e+00
013112
  1.906222e+00   2.598273e-01  -1.250000e-02
  9.510565e-01   3.090170e-01   0.000000e+00  -3.090170e-01   9.510565e-01   0.000000e+00   0.000000e+00   0.000000e+00   1.000000e+00
0140-1-1
 -6.967366e+00   2.263834e+00   1.975000e+01
 -9.510565e-01  -3.090170e-01   0.000000e+00   3.090170e-01  -9.510565e-01   0.000000e+00   0.000000e+00  -0.000000e+00   1.000000e+00
014000
 -2.546939e+00  -5.013234e-01  -1.250000e-02
 -9.510565e-01  -3.090170e-01   0.000000e+00   3.090170e-01  -9.510565e-01   0.000000e+00   0.000000e+00   0.000000e+00   1.000000e+00
014001
 -6.448262e-01  -1.119357e+00  -1.250000e-02
 -9.510565e-01  -3.090170e-01   0.000000e+00   3.090170e-01  -9.510565e-01   0.000000e+00   0.000000e+00   0.000000e+00   1.000000e+00
014002
  1.257287e+00  -1.737391e+00  -1.250000e-02
 -9.510565e-01  -3.090170e-01   0.000000e+00   3.090170e-01  -9.510565e-01   0.000000e+00   0.000000e+00   0.000000e+00   1.000000e+00
014011
  4.109449e-03   8.778613e-01  -1.250000e-02
  9.510565e-01   3.090170e-01   0.000000e+00  -3.090170e-01   9.510565e-01   0.000000e+00   0.000000e+00   0.000000e+00   1.000000e+00
014012
  1.906222e+00   2.598273e-01  -1.250000e-02
  9.510565e-01   3.090170e-01   0.000000e+00  -3.090170e-01   9.510565e-01   0.000000e+00   0.000000e+00   0.000000e+00   1.000000e+00
0141-1-1
 -6.967366e+00   2.263834e+00   1.975000e+01
 -9.510565e-01   3.090170e-01   3.784242e-17   3.090170e-01   9.510565e-01   1.164670e-16   0.000000e+00   1.224606e-16  -1.000000e+00
014100
 -2.546939e+00  -5.013234e-01  -1.250000e-02
 -9.510565e-01  -3.090170e-01   0.000000e+00   3.090170e-01  -9.510565e-01   0.000000e+00   0.000000e+00   0.000000e+00   1.000000e+00
014101
 -6.448262e-01  -1.119357e+00  -1.250000e-02
 -9.510565e-01  -3.090170e-01   0.000000e+00   3.090170e-01  -9.510565e-01   0.000000e+00   0.000000e+00   0.000000e+00   1.000000e+00
014102
  1.257287e+00  -1.737391e+00  -1.250000e-02
 -9.510565e-01  -3.090170e-01   0.000000e+00   3.090170e-01  -9.510565e-01   0.000000e+00   0.000000e+00   0.000000e+00   1.000000e+00
014111
  4.109449e-03   8.778613e-01  -1.250000e-02
  9.510565e-01   3.090170e-01   0.000000e+00  -3.090170e-01   9.510565e-01   0.000000e+00   0.000000e+00   0.000000e+00   1.000000e+00
014112
  1.906222e+00   2.598273e-01  -1.250000e-02
  9.510565e-01   3.090170e-01   0.000000e+00  -3.090170e-01   9.510565e-01   0.000000e+00   0.000000e+00   0.000000e+00   1.000000e+00
0200-1-1
  6.967366e+00   2.263834e+00   2.975000e+01
  9.510565e-01  -3.090170e-01   0.000000e+00   3.090170e-01   9.510565e-01   0.000000e+00   0.000000e+00   0.000000e+00   1.000000e+00
020000
 -2.546939e+00  -5.013234e-01  -1.250000e-02
 -9.510565e-01  -3.090170e-01   0.000000e+00   3.090170e-01  -9.510565e-01   0.000000e+00   0.000000e+00   0.000000e+00   1.000000e+00
020001
 -6.448262e-01  -1.119357e+00  -1.250000e-02
 -9.510565e-01  -3.090170e-01   0.000000e+00   3.090170e-01  -9.510565e-01   0.000000e+00   0.000000e+00   0.000000e+00   1.000000e+00
020002
  1.257287e+00  -1.737391e+00  -1.250000e-02
 -9.510565e-01  -3.090170e-01   0.000000e+00   3.090170e-01  -9.510565e-01   0.000000e+00   0.000000e+00   0.000000e+00   1.000000e+00
020011
  4.109449e-03   8.778613e-01  -1.250000e-02
  9.510565e-01   3.090170e-01   0.000000e+00  -3.090170e-01   9.510565e-01   0.000000e+00   0.000000e+00   0.000000e+00   1.000000e+00
020012
  1.906222e+00   2.598273e-01  -1.250000e-02
  9.510565e-01   3.090170e-01   0.000000e+00  -3.090170e-01   9.510565e-01   0.000000e+00   0.000000e+00   0.000000e+00   1.000000e+00
0201-1-1
  6.967366e+00   2.263834e+00   2.975000e+01
  9.510565e-01   3.090170e-01   3.784242e-17   3.090170e-01  -9.510565e-01  -1.164670e-16   0.000000e+00   1.224606e-16  -1.000000e+00
020100
 -2.546939e+00  -5.013234e-01  -1.250000e-02
 -9.510565e-01  -3.090170e-01   0.000000e+00   3.090170e-01  -9.510565e-01   0.000000e+00   0.000000e+00   0.000000e+00   1.000000e+00
020101
 -6.448262e-01  -1.119357e+00  -1.250000e-02
 -9.510565e-01  -3.090170e-01   0.000000e+00   3.090170e-01  -9.510565e-01   0.000000e+00   0.000000e+00   0.000000e+00   1.000000e+00
020102
  1.257287e+00  -1.737391e+00  -1.250000e-02
 -9.510565e-01  -3.090170e-01   0.000000e+00   3.090170e-01  -9.510565e-01   0.000000e+00   0.000000e+00   0.000000e+00   1.000000e+00
020111
  4.109449e-03   8.778613e-01  -1.250000e-02
  9.510565e-01   3.090170e-01   0.000000e+00  -3.090170e-01   9.510565e-01   0.000000e+00   0.000000e+00   0.000000e+00   1.000000e+00
020112
  1.906222e+00   2.598273e-01  -1.250000e-02
  9.510565e-01   3.090170e-01   0.000000e+00  -3.090170e-01   9.510565e-01   0.000000e+00   0.000000e+00   0.000000e+00   1.000000e+00
0210-1-1
  4.306069e+00   5.926795e+00   3.025000e+01
  5.877853e-01  -8.090170e-01   0.000000e+00   8.090170e-01   5.877853e-01   0.000000e+00   0.000000e+00   0.000000e+00   1.000000e+00
021000
 -2.546939e+00  -5.013234e-01  -1.250000e-02
 -9.510565e-01  -3.090170e-01   0.000000e+00   3.090170e-01  -9.510565e-01   0.000000e+00   0.000000e+00   0.000000e+00   1.000000e+00
021001
 -6.448262e-01  -1.119357e+00  -1.250000e-02
 -9.510565e-01  -3.090170e-01   0.000000e+00   3.090170e-01  -9.510565e-01   0.000000e+00   0.000000e+00   0.000000e+00   1.000000e+00
021002
  1.257287e+00  -1.737391e+00  -1.250000e-02
 -9.510565e-01  -3.090170e-01   0.000000e+00   3.090170e-01  -9.510565e-01   0.000000e+00   0.000000e+00   0.000000e+00   1.000000e+00
021011
  4.109449e-03   8.778613e-01  -1.250000e-02
  9.510565e-01   3.090170e-01   0.000000e+00  -3.090170e-01   9.510565e-01   0.000000e+00   0.000000e+00   0.000000e+00   1.000000e+00
021012
  1.906222e+00   2.598273e-01  -1.250000e-02
  9.510565e-01   3.090170e-01   0.000000e+00  -3.090170e-01   9.510565e-01   0.000000e+00   0.000000e+00   0.000000e+00   1.000000e+00
0211-1-1
  4.306069e+00   5.926795e+00   3.025000e+01
  5.877853e-01   8.090170e-01   9.907274e-17   8.090170e-01  -5.877853e-01  -7.198056e-17   0.000000e+00   1.224606e-16  -1.000000e+00
021100
 -2.546939e+00  -5.013234e-01  -1.250000e-02
 -9.510565e-01  -3.090170e-01   0.000000e+00   3.090170e-01  -9.510565e-01   0.000000e+00   0.000000e+00   0.000000e+00   1.000000e+00
021101
 -6.448262e-01  -1.119357e+00  -1.250000e-02
 -9.510565e-01  -3.090170e-01   0.000000e+00   3.090170e-01  -9.510565e-01   0.000000e+00   0.000000e+00   0.000000e+00   1.000000e+00
021102
  1.257287e+00  -1.737391e+00  -1.250000e-02
 -9.510565e-01  -3.090170e-01   0.000000e+00   3.090170e-01  -9.510565e-01   0.000000e+00   0.000000e+00   0.000000e+00   1.000000e+00
021111
  4.109449e-03   8.778613e-01  -1.250000e-02
  9.510565e-01   3.090170e-01   0.000000e+00  -3.090170e-01   9.510565e-01   0.000000e+00   0.000000e+00   0.000000e+00   1.000000e+00
021112
  1.906222e+00   2.598273e-01  -1.250000e-02
  9.510565e-01   3.090170e-01   0.000000e+00  -3.090170e-01   9.510565e-01   0.000000e+00   0.000000e+00   0.000000e+00   1.000000e+00
0220-1-1
 -1.502572e-09   7.325922e+00   2.975000e+01
  6.123032e-17  -1.000000e+00   0.000000e+00   1.000000e+00   6.123032e-17   0.000000e+00   0.000000e+00   0.000000e+00   1.000000e+00
022000
 -2.546939e+00  -5.013234e-01  -1.250000e-02
 -9.510565e-01  -3.090170e-01   0.000000e+00   3.090170e-01  -9.510565e-01   0.000000e+00   0.000000e+00   0.000000e+00   1.000000e+00
022001
 -6.448262e-01  -1.119357e+00  -1.250000e-02
 -9.510565e-01  -3.090170e-01   0.000000e+00   3.090170e-01  -9.510565e-01   0.000000e+00   0.000000e+00   0.000000e+00   1.000000e+00
022002
  1.257287e+00  -1.737391e+00  -1.250000e-02
 -9.510565e-01  -3.090170e-01   0.000000e+00   3.090170e-01  -9.510565e-01   0.000000e+00   0.000000e+00   0.000000e+00   1.000000e+00
022011
  4.109449e-03   8.778613e-01  -1.250000e-02
  9.510565e-01   3.090170e-01   0.000000e+00  -3.090170e-01   9.510565e-01   0.000000e+00   0.000000e+00   0.000000e+00   1.000000e+00
022012
  1.906222e+00   2.598273e-01  -1.250000e-02
  9.510565e-01   3.090170e-01   0.000000e+00  -3.090170e-01   9.510565e-01   0.000000e+00   0.000000e+00   0.000000e+00   1.000000e+00
0221-1-1
 -1.502572e-09   7.325922e+00   2.975000e+01
  6.123032e-17   1.000000e+00   1.224606e-16   1.000000e+00  -6.123032e-17  -7.498304e-33   0.000000e+00   1.224606e-16  -1.000000e+00
022100
 -2.546939e+00  -5.013234e-01  -1.250000e-02
 -9.510565e-01  -3.090170e-01   0.000000e+00   3.090170e-01  -9.510565e-01   0.000000e+00   0.000000e+00   0.000000e+00   1.000000e+00
022101
 -6.448262e-01  -1.119357e+00  -1.250000e-02
 -9.510565e-01  -3.090170e-01   0.000000e+00   3.090170e-01  -9.510565e-01   0.000000e+00   0.000000e+00   0.000000e+00   1.000000e+00
022102
  1.257287e+00  -1.737391e+00  -1.250000e-02
 -9.510565e-01  -3.090170e-01   0.000000e+00   3.090170e-01  -9.510565e-01   0.000000e+00   0.000000e+00   0.000000e+00   1.000000e+00
022111
  4.109449e-03   8.778613e-01  -1.250000e-02
  9.510565e-01   3.090170e-01   0.000000e+00  -3.090170e-01   9.510565e-01   0.000000e+00   0.000000e+00   0.000000e+00   1.000000e+00
022112
  1.906222e+00   2.598273e-01  -1.250000e-02
  9.510565e-01   3.090170e-01   0.000000e+00  -3.090170e-01   9.510565e-01   0.000000e+00   0.000000e+00   0.000000e+00   1.000000e+00
0230-1-1
 -4.306069e+00   5.926795e+00   3.025000e+01
 -5.877853e-01  -8.090170e-01   0.000000e+00   8.090170e-01  -5.877853e-01   0.000000e+00   0.000000e+00  -0.000000e+00   1.000000e+00
023000
 -2.546939e+00  -5.013234e-01  -1.250000e-02
 -9.510565e-01  -3.090170e-01   0.000000e+00   3.090170e-01  -9.510565e-01   0.000000e+00   0.000000e+00   0.000000e+00   1.000000e+00
023001
 -6.448262e-01  -1.119357e+00  -1.250000e-02
 -9.510565e-01  -3.090170e-01   0.000000e+00   3.090170e-01  -9.510565e-01   0.000000e+00   0.000000e+00   0.000000e+00   1.000000e+00
023002
  1.257287e+00  -1.737391e+00  -1.250000e-02
 -9.510565e-01  -3.090170e-01   0.000000e+00   3.090170e-01  -9.510565e-01   0.000000e+00   0.000000e+00   0.000000e+00   1.000000e+00
023011
  4.109449e-03   8.778613e-01  -1.250000e-02
  9.510565e-01   3.090170e-01   0.000000e+00  -3.090170e-01   9.510565e-01   0.000000e+00   0.000000e+00   0.000000e+00   1.000000e+00
023012
  1.906222e+00   2.598273e-01  -1.250000e-02
  9.510565e-01   3.090170e-01   0.000000e+00  -3.090170e-01   9.510565e-01   0.000000e+00   0.000000e+00   0.000000e+00   1.000000e+00
0231-1-1
 -4.306069e+00   5.926795e+00   3.025000e+01
 -5.877853e-01   8.090170e-01   9.907274e-17   8.090170e-01   5.877853e-01   7.198056e-17   0.000000e+00   1.224606e-16  -1.000000e+00
023100
 -2.546939e+00  -5.013234e-01  -1.250000e-02
 -9.510565e-01  -3.090170e-01   0.000000e+00   3.090170e-01  -9.510565e-01   0.000000e+00   0.000000e+00   0.000000e+00   1.000000e+00
023101
 -6.448262e-01  -1.119357e+00  -1.250000e-02
 -9.510565e-01  -3.090170e-01   0.000000e+00   3.090170e-01  -9.510565e-01   0.000000e+00   0.000000e+00   0.000000e+00   1.000000e+00
023102
  1.257287e+00  -1.737391e+00  -1.250000e-02
 -9.510565e-01  -3.090170e-01   0.000000e+00   3.090170e-01  -9.510565e-01   0.000000e+00   0.000000e+00   0.000000e+00   1.000000e+00
023111
  4.109449e-03   8.778613e-01  -1.250000e-02
  9.510565e-01   3.090170e-01   0.000000e+00  -3.090170e-01   9.510565e-01   0.000000e+00   0.000000e+00   0.000000e+00   1.000000e+00
023112
  1.906222e+00   2.598273e-01  -1.250000e-02
  9.510565e-01   3.090170e-01   0.000000e+00  -3.090170e-01   9.510565e-01   0.000000e+00   0.000000e+00   0.000000e+00   1.000000e+00
0240-1-1
 -6.967366e+00   2.263834e+00   2.975000e+01
 -9.510565e-01  -3.090170e-01   0.000000e+00   3.090170e-01  -9.510565e-01   0.000000e+00   0.000000e+00  -0.000000e+00   1.000000e+00
024000
 -2.546939e+00  -5.013234e-01  -1.250000e-02
 -9.510565e-01  -3.090170e-01   0.000000e+00   3.090170e-01  -9.510565e-01   0.000000e+00   0.000000e+00   0.000000e+00   1.000000e+00
024001
 -6.448262e-01  -1.119357e+00  -1.250000e-02
 -9.510565e-01  -3.090170e-01   0.000000e+00   3.090170e-01  -9.510565e-01   0.000000e+00   0.000000e+00   0.000000e+00   1.000000e+00
024002
  1.257287e+00  -1.737391e+00  -1.250000e-02
 -9.510565e-01  -3.090170e-01   0.000000e+00   3.090170e-01  -9.510565e-01   0.000000e+00   0.000000e+00   0.000000e+00   1.000000e+00
024011
  4.109449e-03   8.778613e-01  -1.250000e-02
  9.510565e-01   3.090170e-01   0.000000e+00  -3.090170e-01   9.510565e-01   0.000000e+00   0.000000e+00   0.000000e+00   1.000000e+00
024012
  1.906222e+00   2.598273e-01  -1.250000e-02
  9.510565e-01   3.090170e-01   0.000000e+00  -3.090170e-01   9.510565e-01   0.000000e+00   0.000000e+00   0.000000e+00   1.000000e+00
0241-1-1
 -6.967366e+00   2.263834e+00   2.975000e+01
 -9.510565e-01   3.090170e-01   3.784242e-17   3.090170e-01   9.510565e-01   1.164670e-16   0.000000e+00   1.224606e-16  -1.000000e+00
024100
 -2.546939e+00  -5.013234e-01  -1.250000e-02
 -9.510565e-01  -3.090170e-01   0.000000e+00   3.090170e-01  -9.510565e-01   0.000000e+00   0.000000e+00   0.000000e+00   1.000000e+00
024101
 -6.448262e-01  -1.119357e+00  -1.250000e-02
 -9.510565e-01  -3.090170e-01   0.000000e+00   3.090170e-01  -9.510565e-01   0.000000e+00   0.000000e+00   0.000000e+00   1.000000e+00
024102
  1.257287e+00  -1.737391e+00  -1.250000e-02
 -9.510565e-01  -3.090170e-01   0.000000e+00   3.090170e-01  -9.510565e-01   0.000000e+00   0.000000e+00   0.000000e+00   1.000000e+00
024111
  4.109449e-03   8.778613e-01  -1.250000e-02
  9.510565e-01   3.090170e-01   0.000000e+00  -3.090170e-01   9.510565e-01   0.000000e+00   0.000000e+00   0.000000e+00   1.000000e+00
024112
  1.906222e+00   2.598273e-01  -1.250000e-02
  9.510565e-01   3.090170e-01   0.000000e+00  -3.090170e-01   9.510565e-01   0.000000e+00   0.000000e+00   0.000000e+00   1.000000e+00
0300-1-1
  6.967366e+00   2.263834e+00   3.975000e+01
  9.510565e-01  -3.090170e-01   0.000000e+00   3.090170e-01   9.510565e-01   0.000000e+00   0.000000e+00   0.000000e+00   1.000000e+00
030000
 -2.546939e+00  -5.013234e-01  -1.250000e-02
 -9.510565e-01  -3.090170e-01   0.000000e+00   3.090170e-01  -9.510565e-01   0.000000e+00   0.000000e+00   0.000000e+00   1.000000e+00
030001
 -6.448262e-01  -1.119357e+00  -1.250000e-02
 -9.510565e-01  -3.090170e-01   0.000000e+00   3.090170e-01  -9.510565e-01   0.000000e+00   0.000000e+00   0.000000e+00   1.000000e+00
030002
  1.257287e+00  -1.737391e+00  -1.250000e-02
 -9.510565e-01  -3.090170e-01   0.000000e+00   3.090170e-01  -9.510565e-01   0.000000e+00   0.000000e+00   0.000000e+00   1.000000e+00
030011
  4.109449e-03   8.778613e-01  -1.250000e-02
  9.510565e-01   3.090170e-01   0.000000e+00  -3.090170e-01   9.510565e-01   0.000000e+00   0.000000e+00   0.000000e+00   1.000000e+00
030012
  1.906222e+00   2.598273e-01  -1.250000e-02
  9.510565e-01   3.090170e-01   0.000000e+00  -3.090170e-01   9.510565e-01   0.000000e+00   0.000000e+00   0.000000e+00   1.000000e+00
0301-1-1
  6.967366e+00   2.263834e+00   3.975000e+01
  9.510565e-01   3.090170e-01   3.784242e-17   3.090170e-01  -9.510565e-01  -1.164670e-16   0.000000e+00   1.224606e-16  -1.000000e+00
030100
 -2.546939e+00  -5.013234e-01  -1.250000e-02
 -9.510565e-01  -3.090170e-01   0.000000e+00   3.090170e-01  -9.510565e-01   0.000000e+00   0.000000e+00   0.000000e+00   1.000000e+00
030101
 -6.448262e-01  -1.119357e+00  -1.250000e-02
 -9.510565e-01  -3.090170e-01   0.000000e+00   3.090170e-01  -9.510565e-01   0.000000e+00   0.000000e+00   0.000000e+00   1.000000e+00
030102
  1.257287e+00  -1.737391e+00  -1.250000e-02
 -9.510565e-01  -3.090170e-01   0.000000e+00   3.090170e-01  -9.510565e-01   0.000000e+00   0.000000e+00   0.000000e+00   1.000000e+00
030111
  4.109449e-03   8.778613e-01  -1.250000e-02
  9.510565e-01   3.090170e-01   0.000000e+00  -3.090170e-01   9.510565e-01   0.000000e+00   0.000000e+00   0.000000e+00   1.000000e+00
030112
  1.906222e+00   2.598273e-01  -1.250000e-02
  9.510565e-01   3.090170e-01   0.000000e+00  -3.090170e-01   9.510565e-01   0.000000e+00   0.000000e+00   0.000000e+00   1.000000e+00
0310-1-1
  4.306069e+00   5.926795e+00   4.025000e+01
  5.877853e-01  -8.090170e-01   0.000000e+00   8.090170e-01   5.877853e-01   0.000000e+00   0.000000e+00   0.000000e+00   1.000000e+00
031000
 -2.546939e+00  -5.013234e-01  -1.250000e-02
 -9.510565e-01  -3.090170e-01   0.000000e+00   3.090170e-01  -9.510565e-01   0.000000e+00   0.000000e+00   0.000000e+00   1.000000e+00
031001
 -6.448262e-01  -1.119357e+00  -1.250000e-02
 -9.510565e-01  -3.090170e-01   0.000000e+00   3.090170e-01  -9.510565e-01   0.000000e+00   0.000000e+00   0.000000e+00   1.000000e+00
031002
  1.257287e+00  -1.737391e+00  -1.250000e-02
 -9.510565e-01  -3.090170e-01   0.000000e+00   3.090170e-01  -9.510565e-01   0.000000e+00   0.000000e+00   0.000000e+00   1.000000e+00
031011
  4.109449e-03   8.778613e-01  -1.250000e-02
  9.510565e-01   3.090170e-01   0.000000e+00  -3.090170e-01   9.510565e-01   0.000000e+00   0.000000e+00   0.000000e+00   1.000000e+00
031012
  1.906222e+00   2.598273e-01  -1.250000e-02
  9.510565e-01   3.090170e-01   0.000000e+00  -3.090170e-01   9.510565e-01   0.000000e+00   0.000000e+00   0.000000e+00   1.000000e+00
0311-1-1
  4.306069e+00   5.926795e+00   4.025000e+01
  5.877853e-01   8.090170e-01   9.907274e-17   8.090170e-01  -5.877853e-01  -7.198056e-17   0.000000e+00   1.224606e-16  -1.000000e+00
031100
 -2.546939e+00  -5.013234e-01  -1.250000e-02
 -9.510565e-01  -3.090170e-01   0.000000e+00   3.090170e-01  -9.510565e-01   0.000000e+00   0.000000e+00   0.000000e+00   1.000000e+00
031101
 -6.448262e-01  -1.119357e+00  -1.250000e-02
 -9.510565e-01  -3.090170e-01   0.000000e+00   3.090170e-01  -9.510565e-01   0.000000e+00   0.000000e+00   0.000000e+00   1.000000e+00
031102
  1.257287e+00  -1.737391e+00  -1.250000e-02
 -9.510565e-01  -3.090170e-01   0.000000e+00   3.090170e-01  -9.510565e-01   0.000000e+00   0.000000e+00   0.000000e+00   1.000000e+00
031111
  4.109449e-03   8.778613e-01  -1.250000e-02
  9.510565e-01   3.090170e-01   0.000000e+00  -3.090170e-01   9.510565e-01   0.000000e+00   0.000000e+00   0.000000e+00   1.000000e+00
031112
  1.906222e+00   2.598273e-01  -1.250000e-02
  9.510565e-01   3.090170e-01   0.000000e+00  -3.090170e-01   9.510565e-01   0.000000e+00   0.000000e+00   0.000000e+00   1.000000e+00
0320-1-1
 -1.502572e-09   7.325922e+00   3.975000e+01
  6.123032e-17  -1.000000e+00   0.000000e+00   1.000000e+00   6.123032e-17   0.000000e+00   0.000000e+00   0.000000e+00   1.000000e+00
032000
 -2.546939e+00  -5.013234e-01  -1.250000e-02
 -9.510565e-01  -3.090170e-01   0.000000e+00   3.090170e-01  -9.510565e-01   0.000000e+00   0.000000e+00   0.000000e+00   1.000000e+00
032001
 -6.448262e-01  -1.119357e+00  -1.250000e-02
 -9.510565e-01  -3.090170e-01   0.000000e+00   3.090170e-01  -9.510565e-01   0.000000e+00   0.000000e+00   0.000000e+00   1.000000e+00
032002
  1.257287e+00  -1.737391e+00  -1.250000e-02
 -9.510565e-01  -3.090170e-01   0.000000e+00   3.090170e-01  -9.510565e-01   0.000000e+00   0.000000e+00   0.000000e+00   1.000000e+00
032011
  4.109449e-03   8.778613e-01  -1.250000e-02
  9.510565e-01   3.090170e-01   0.000000e+00  -3.090170e-01   9.510565e-01   0.000000e+00   0.000000e+00   0.000000e+00   1.000000e+00
032012
  1.906222e+00   2.598273e-01  -1.250000e-02
  9.510565e-01   3.090170e-01   0.000000e+00  -3.090170e-01   9.510565e-01   0.000000e+00   0.000000e+00   0.000000e+00   1.000000e+00
0321-1-1
 -1.502572e-09   7.325922e+00   3.975000e+01
  6.123032e-17   1.000000e+00   1.224606e-16   1.000000e+00  -6.123032e-17  -7.498304e-33   0.000000e+00   1.224606e-16  -1.000000e+00
032100
 -2.546939e+00  -5.013234e-01  -1.250000e-02
 -9.510565e-01  -3.090170e-01   0.000000e+00   3.090170e-01  -9.510565e-01   0.000000e+00   0.000000e+00   0.000000e+00   1.000000e+00
032101
 -6.448262e-01  -1.119357e+00  -1.250000e-02
 -9.510565e-01  -3.090170e-01   0.000000e+00   3.090170e-01  -9.510565e-01   0.000000e+00   0.000000e+00   0.000000e+00   1.000000e+00
032102
  1.257287e+00  -1.737391e+00  -1.250000e-02
 -9.510565e-01  -3.090170e-01   0.000000e+00   3.090170e-01  -9.510565e-01   0.000000e+00   0.000000e+00   0.000000e+00   1.000000e+00
032111
  4.109449e-03   8.778613e-01  -1.250000e-02
  9.510565e-01   3.090170e-01   0.000000e+00  -3.090170e-01   9.510565e-01   0.000000e+00   0.000000e+00   0.000000e+00   1.000000e+00
032112
  1.906222e+00   2.598273e-01  -1.250000e-02
  9.510565e-01   3.090170e-01   0.000000e+00  -3.090170e-01   9.510565e-01   0.000000e+00   0.000000e+00   0.000000e+00   1.000000e+00
0330-1-1
 -4.306069e+00   5.926795e+00   4.025000e+01
 -5.877853e-01  -8.090170e-01   0.000000e+00   8.090170e-01  -5.877853e-01   0.000000e+00   0.000000e+00  -0.000000e+00   1.000000e+00
033000
 -2.546939e+00  -5.013234e-01  -1.250000e-02
 -9.510565e-01  -3.090170e-01   0.000000e+00   3.090170e-01  -9.510565e-01   0.000000e+00   0.000000e+00   0.000000e+00   1.000000e+00
033001
 -6.448262e-01  -1.119357e+00  -1.250000e-02
 -9.510565e-01  -3.090170e-01   0.000000e+00   3.090170e-01  -9.510565e-01   0.000000e+00   0.000000e+00   0.000000e+00   1.000000e+00
033002
  1.257287e+00  -1.737391e+00  -1.250000e-02
 -9.510565e-01  -3.090170e-01   0.000000e+00   3.090170e-01  -9.510565e-01   0.000000e+00   0.000000e+00   0.000000e+00   1.000000e+00
033011
  4.109449e-03   8.778613e-01  -1.250000e-02
  9.510565e-01   3.090170e-01   0.000000e+00  -3.090170e-01   9.510565e-01   0.000000e+00   0.000000e+00   0.000000e+00   1.000000e+00
033012
  1.906222e+00   2.598273e-01  -1.250000e-02
  9.510565e-01   3.090170e-01   0.000000e+00  -3.090170e-01   9.510565e-01   0.000000e+00   0.000000e+00   0.000000e+00   1.000000e+00
0331-1-1
 -4.306069e+00   5.926795e+00   4.025000e+01
 -5.877853e-01   8.090170e-01   9.907274e-17   8.090170e-01   5.877853e-01   7.198056e-17   0.000000e+00   1.224606e-16  -1.000000e+00
033100
 -2.546939e+00  -5.013234e-01  -1.250000e-02
 -9.510565e-01  -3.090170e-01   0.000000e+00   3.090170e-01  -9.510565e-01   0.000000e+00   0.000000e+00   0.000000e+00   1.000000e+00
033101
 -6.448262e-01  -1.119357e+00  -1.250000e-02
 -9.510565e-01  -3.090170e-01   0.000000e+00   3.090170e-01  -9.510565e-01   0.000000e+00   0.000000e+00   0.000000e+00   1.000000e+00
033102
  1.257287e+00  -1.737391e+00  -1.250000e-02
 -9.510565e-01  -3.090170e-01   0.000000e+00   3.090170e-01  -9.510565e-01   0.000000e+00   0.000000e+00   0.000000e+00   1.000000e+00
033111
  4.109449e-03   8.778613e-01  -1.250000e-02
  9.510565e-01   3.090170e-01   0.000000e+00  -3.090170e-01   9.510565e-01   0.000000e+00   0.000000e+00   0.000000e+00   1.000000e+00
033112
  1.906222e+00   2.598273e-01  -1.250000e-02
  9.510565e-01   3.090170e-01   0.000000e+00  -3.090170e-01   9.510565e-01   0.000000e+00   0.000000e+00   0.000000e+00   1.000000e+00
0340-1-1
 -6.967366e+00   2.263834e+00   3.975000e+01
 -9.510565e-01  -3.090170e-01   0.000000e+00   3.090170e-01  -9.510565e-01   0.000000e+00   0.000000e+00  -0.000000e+00   1.000000e+00
034000
 -2.546939e+00  -5.013234e-01  -1.250000e-02
 -9.510565e-01  -3.090170e-01   0.000000e+00   3.090170e-01  -9.510565e-01   0.000000e+00   0.000000e+00   0.000000e+00   1.000000e+00
034001
 -6.448262e-01  -1.119357e+00  -1.250000e-02
 -9.510565e-01  -3.090170e-01   0.000000e+00   3.090170e-01  -9.510565e-01   0.000000e+00   0.000000e+00   0.000000e+00   1.000000e+00
034002
  1.257287e+00  -1.737391e+00  -1.250000e-02
 -9.510565e-01  -3.090170e-01   0.000000e+00   3.090170e-01  -9.510565e-01   0.000000e+00   0.000000e+00   0.000000e+00   1.000000e+00
034011
  4.109449e-03   8.778613e-01  -1.250000e-02
  9.510565e-01   3.090170e-01   0.000000e+00  -3.090170e-01   9.510565e-01   0.000000e+00   0.000000e+00   0.000000e+00   1.000000e+00
034012
  1.906222e+00   2.598273e-01  -1.250000e-02
  9.510565e-01   3.090170e-01   0.000000e+00  -3.090170e-01   9.510565e-01   0.000000e+00   0.000000e+00   0.000000e+00   1.000000e+00
0341-1-1
 -6.967366e+00   2.263834e+00   3.975000e+01
 -9.510565e-01   3.090170e-01   3.784242e-17   3.090170e-01   9.510565e-01   1.164670e-16   0.000000e+00   1.224606e-16  -1.000000e+00
034100
 -2.546939e+00  -5.013234e-01  -1.250000e-02
 -9.510565e-01  -3.090170e-01   0.000000e+00   3.090170e-01  -9.510565e-01   0.000000e+00   0.000000e+00   0.000000e+00   1.000000e+00
034101
 -6.448262e-01  -1.119357e+00  -1.250000e-02
 -9.510565e-01  -3.090170e-01   0.000000e+00   3.090170e-01  -9.510565e-01   0.000000e+00   0.000000e+00   0.000000e+00   1.000000e+00
034102
  1.257287e+00  -1.737391e+00  -1.250000e-02
 -9.510565e-01  -3.090170e-01   0.000000e+00   3.090170e-01  -9.510565e-01   0.000000e+00   0.000000e+00   0.000000e+00   1.000000e+00
034111
  4.109449e-03   8.778613e-01  -1.250000e-02
  9.510565e-01   3.090170e-01   0.000000e+00  -3.090170e-01   9.510565e-01   0.000000e+00   0.000000e+00   0.000000e+00   1.000000e+00
034112
  1.906222e+00   2.598273e-01  -1.250000e-02
  9.510565e-01   3.090170e-01   0.000000e+00  -3.090170e-01   9.510565e-01   0.000000e+00   0.000000e+00   0.000000e+00   1.000000e+00
1000-1-1
 -6.967366e+00  -2.263834e+00   2.500000e-01
 -9.510565e-01   3.090170e-01   0.000000e+00  -3.090170e-01  -9.510565e-01  -0.000000e+00  -0.000000e+00  -0.000000e+00   1.000000e+00
100000
 -2.546939e+00  -5.013234e-01  -1.250000e-02
 -9.510565e-01  -3.090170e-01   0.000000e+00   3.090170e-01  -9.510565e-01   0.000000e+00   0.000000e+00   0.000000e+00   1.000000e+00
100001
 -6.448262e-01  -1.119357e+00  -1.250000e-02
 -9.510565e-01  -3.090170e-01   0.000000e+00   3.090170e-01  -9.510565e-01   0.000000e+00   0.000000e+00   0.000000e+00   1.000000e+00
100002
  1.257287e+00  -1.737391e+00  -1.250000e-02
 -9.510565e-01  -3.090170e-01   0.000000e+00   3.090170e-01  -9.510565e-01   0.000000e+00   0.000000e+00   0.000000e+00   1.000000e+00
100011
  4.109449e-03   8.778613e-01  -1.250000e-02
  9.510565e-01   3.090170e-01   0.000000e+00  -3.090170e-01   9.510565e-01   0.000000e+00   0.000000e+00   0.000000e+00   1.000000e+00
100012
  1.906222e+00   2.598273e-01  -1.250000e-02
  9.510565e-01   3.090170e-01   0.000000e+00  -3.090170e-01   9.510565e-01   0.000000e+00   0.000000e+00   0.000000e+00   1.000000e+00
1001-1-1
 -6.967366e+00  -2.263834e+00   2.500000e-01
 -9.510565e-01  -3.090170e-01  -3.784242e-17  -3.090170e-01   9.510565e-01   1.164670e-16   0.000000e+00   1.224606e-16  -1.000000e+00
100100
 -2.546939e+00  -5.013234e-01  -1.250000e-02
 -9.510565e-01  -3.090170e-01   0.000000e+00   3.090170e-01  -9.510565e-01   0.000000e+00   0.000000e+00   0.000000e+00   1.000000e+00
100101
 -6.448262e-01  -1.119357e+00  -1.250000e-02
 -9.510565e-01  -3.090170e-01   0.000000e+00   3.090170e-01  -9.510565e-01   0.000000e+00   0.000000e+00   0.000000e+00   1.000000e+00
100102
  1.257287e+00  -1.737391e+00  -1.250000e-02
 -9.510565e-01  -3.090170e-01   0.000000e+00   3.090170e-01  -9.510565e-01   0.000000e+00   0.000000e+00   0.000000e+00   1.000000e+00
100111
  4.109449e-03   8.778613e-01  -1.250000e-02
  9.510565e-01   3.090170e-01   0.000000e+00  -3.090170e-01   9.510565e-01   0.000000e+00   0.000000e+00   0.000000e+00   1.000000e+00
100112
  1.906222e+00   2.598273e-01  -1.250000e-02
  9.510565e-01   3.090170e-01   0.000000e+00  -3.090170e-01   9.510565e-01   0.000000e+00   0.000000e+00   0.000000e+00   1.000000e+00
1010-1-1
 -4.306069e+00  -5.926795e+00  -2.500000e-01
 -5.877853e-01   8.090170e-01   0.000000e+00  -8.090170e-01  -5.877853e-01  -0.000000e+00  -0.000000e+00  -0.000000e+00   1.000000e+00
101000
 -2.546939e+00  -5.013234e-01  -1.250000e-02
 -9.510565e-01  -3.090170e-01   0.000000e+00   3.090170e-01  -9.510565e-01   0.000000e+00   0.000000e+00   0.000000e+00   1.000000e+00
101001
 -6.448262e-01  -1.119357e+00  -1.250000e-02
 -9.510565e-01  -3.090170e-01   0.000000e+00   3.090170e-01  -9.510565e-01   0.000000e+00   0.000000e+00   0.000000e+00   1.000000e+00
101002
  1.257287e+00  -1.737391e+00  -1.250000e-02
 -9.510565e-01  -3.090170e-01   0.000000e+00   3.090170e-01  -9.510565e-01   0.000000e+00   0.000000e+00   0.000000e+00   1.000000e+00
101011
  4.109449e-03   8.778613e-01  -1.250000e-02
  9.510565e-01   3.090170e-01   0.000000e+00  -3.090170e-01   9.510565e-01   0.000000e+00   0.000000e+00   0.000000e+00   1.000000e+00
101012
  1.906222e+00   2.598273e-01  -1.250000e-02
  9.510565e-01   3.090170e-01   0.000000e+00  -3.090170e-01   9.510565e-01   0.000000e+00   0.000000e+00   0.000000e+00   1.000000e+00
1011-1-1
 -4.306069e+00  -5.926795e+00  -2.500000e-01
 -5.877853e-01  -8.090170e-01  -9.907274e-17  -8.090170e-01   5.877853e-01   7.198056e-17   0.000000e+00   1.224606e-16  -1.000000e+00
101100
 -2.546939e+00  -5.013234e-01  -1.250000e-02
 -9.510565e-01  -3.090170e-01   0.000000e+00   3.090170e-01  -9.510565e-01   0.000000e+00   0.000000e+00   0.000000e+00   1.000000e+00
101101
 -6.448262e-01  -1.119357e+00  -1.250000e-02
 -9.510565e-01  -3.090170e-01   0.000000e+00   3.090170e-01  -9.510565e-01   0.000000e+00   0.000000e+00   0.000000e+00   1.000000e+00
101102
  1.257287e+00  -1.737391e+00  -1.250000e-02
 -9.510565e-01  -3.090170e-01   0.000000e+00   3.090170e-01  -9.510565e-01   0.000000e+00   0.000000e+00   0.000000e+00   1.000000e+00
101111
  4.109449e-03   8.778613e-01  -1.250000e-02
  9.510565e-01   3.090170e-01   0.000000e+00  -3.090170e-01   9.510565e-01   0.000000e+00   0.000000e+00   0.000000e+00   1.000000e+00
101112
  1.906222e+00   2.598273e-01  -1.250000e-02
  9.510565e-01   3.090170e-01   0.000000e+00  -3.090170e-01   9.510565e-01   0.000000e+00   0.000000e+00   0.000000e+00   1.000000e+00
1020-1-1
  4.507715e-09  -7.325922e+00   2.500000e-01
 -1.836910e-16   1.000000e+00   0.000000e+00  -1.000000e+00  -1.836910e-16  -0.000000e+00  -0.000000e+00  -0.000000e+00   1.000000e+00
102000
 -2.546939e+00  -5.013234e-01  -1.250000e-02
 -9.510565e-01  -3.090170e-01   0.000000e+00   3.090170e-01  -9.510565e-01   0.000000e+00   0.000000e+00   0.000000e+00   1.000000e+00
102001
 -6.448262e-01  -1.119357e+00  -1.250000e-02
 -9.510565e-01  -3.090170e-01   0.000000e+00   3.090170e-01  -9.510565e-01   0.000000e+00   0.000000e+00   0.000000e+00   1.000000e+00
102002
  1.257287e+00  -1.737391e+00  -1.250000e-02
 -9.510565e-01  -3.090170e-01   0.000000e+00   3.090170e-01  -9.510565e-01   0.000000e+00   0.000000e+00   0.000000e+00   1.000000e+00
102011
  4.109449e-03   8.778613e-01  -1.250000e-02
  9.510565e-01   3.090170e-01   0.000000e+00  -3.090170e-01   9.510565e-01   0.000000e+00   0.000000e+00   0.000000e+00   1.000000e+00
102012
  1.906222e+00   2.598273e-01  -1.250000e-02
  9.510565e-01   3.090170e-01   0.000000e+00  -3.090170e-01   9.510565e-01   0.000000e+00   0.000000e+00   0.000000e+00   1.000000e+00
1021-1-1
  4.507715e-09  -7.325922e+00   2.500000e-01
 -1.836910e-16  -1.000000e+00  -1.224606e-16  -1.000000e+00   1.836910e-16   2.249491e-32   0.000000e+00   1.224606e-16  -1.000000e+00
102100
 -2.546939e+00  -5.013234e-01  -1.250000e-02
 -9.510565e-01  -3.090170e-01   0.000000e+00   3.090170e-01  -9.510565e-01   0.000000e+00   0.000000e+00   0.000000e+00   1.000000e+00
102101
 -6.448262e-01  -1.119357e+00  -1.250000e-02
 -9.510565e-01  -3.090170e-01   0.000000e+00   3.090170e-01  -9.510565e-01   0.000000e+00   0.000000e+00   0.000000e+00   1.000000e+00
102102
  1.257287e+00  -1.737391e+00  -1.250000e-02
 -9.510565e-01  -3.090170e-01   0.000000e+00   3.090170e-01  -9.510565e-01   0.000000e+00   0.000000e+00   0.000000e+00   1.000000e+00
102111
  4.109449e-03   8.778613e-01  -1.250000e-02
  9.510565e-01   3.090170e-01   0.000000e+00  -3.090170e-01   9.510565e-01   0.000000e+00   0.000000e+00   0.000000e+00   1.000000e+00
102112
  1.906222e+00   2.598273e-01  -1.250000e-02
  9.510565e-01   3.090170e-01   0.000000e+00  -3.090170e-01   9.510565e-01   0.000000e+00   0.000000e+00   0.000000e+00   1.000000e+00
1030-1-1
  4.306069e+00  -5.926795e+00  -2.500000e-01
  5.877853e-01   8.090170e-01   0.000000e+00  -8.090170e-01   5.877853e-01  -0.000000e+00  -0.000000e+00   0.000000e+00   1.000000e+00
103000
 -2.546939e+00  -5.013234e-01  -1.250000e-02
 -9.510565e-01  -3.090170e-01   0.000000e+00   3.090170e-01  -9.510565e-01   0.000000e+00   0.000000e+00   0.000000e+00   1.000000e+00
103001
 -6.448262e-01  -1.119357e+00  -1.250000e-02
 -9.510565e-01  -3.090170e-01   0.000000e+00   3.090170e-01  -9.510565e-01   0.000000e+00   0.000000e+00   0.000000e+00   1.000000e+00
103002
  1.257287e+00  -1.737391e+00  -1.250000e-02
 -9.510565e-01  -3.090170e-01   0.000000e+00   3.090170e-01  -9.510565e-01   0.000000e+00   0.000000e+00   0.000000e+00   1.000000e+00
103011
  4.109449e-03   8.778613e-01  -1.250000e-02
  9.510565e-01   3.090170e-01   0.000000e+00  -3.090170e-01   9.510565e-01   0.000000e+00   0.000000e+00   0.000000e+00   1.000000e+00
103012
  1.906222e+00   2.598273e-01  -1.250000e-02
  9.510565e-01   3.090170e-01   0.000000e+00  -3.090170e-01   9.510565e-01   0.000000e+00   0.000000e+00   0.000000e+00   1.000000e+00
1031-1-1
  4.306069e+00  -5.926795e+00  -2.500000e-01
  5.877853e-01  -8.090170e-01  -9.907274e-17  -8.090170e-01  -5.877853e-01  -7.198056e-17   0.000000e+00   1.224606e-16  -1.000000e+00
103100
 -2.546939e+00  -5.013234e-01  -1.250000e-02
 -9.510565e-01  -3.090170e-01   0.000000e+00   3.090170e-01  -9.510565e-01   0.000000e+00   0.000000e+00   0.000000e+00   1.000000e+00
103101
 -6.448262e-01  -1.119357e+00  -1.250000e-02
 -9.510565e-01  -3.090170e-01   0.000000e+00   3.090170e-01  -9.510565e-01   0.000000e+00   0.000000e+00   0.000000e+00   1.000000e+00
103102
  1.257287e+00  -1.737391e+00  -1.250000e-02
 -9.510565e-01  -3.090170e-01   0.000000e+00   3.090170e-01  -9.510565e-01   0.000000e+00   0.000000e+00   0.000000e+00   1.000000e+00
103111
  4.109449e-03   8.778613e-01  -1.250000e-02
  9.510565e-01   3.090170e-01   0.000000e+00  -3.090170e-01   9.510565e-01   0.000000e+00   0.000000e+00   0.000000e+00   1.000000e+00
103112
  1.906222e+00   2.598273e-01  -1.250000e-02
  9.510565e-01   3.090170e-01   0.000000e+00  -3.090170e-01   9.510565e-01   0.000000e+00   0.000000e+00   0.000000e+00   1.000000e+00
1040-1-1
  6.967366e+00  -2.263834e+00   2.500000e-01
  9.510565e-01   3.090170e-01   0.000000e+00  -3.090170e-01   9.510565e-01  -0.000000e+00  -0.000000e+00   0.000000e+00   1.000000e+00
104000
 -2.546939e+00  -5.013234e-01  -1.250000e-02
 -9.510565e-01  -3.090170e-01   0.000000e+00   3.090170e-01  -9.510565e-01   0.000000e+00   0.000000e+00   0.000000e+00   1.000000e+00
104001
 -6.448262e-01  -1.119357e+00  -1.250000e-02
 -9.510565e-01  -3.090170e-01   0.000000e+00   3.090170e-01  -9.510565e-01   0.000000e+00   0.000000e+00   0.000000e+00   1.000000e+00
104002
  1.257287e+00  -1.737391e+00  -1.250000e-02
 -9.510565e-01  -3.090170e-01   0.000000e+00   3.090170e-01  -9.510565e-01   0.000000e+00   0.000000e+00   0.000000e+00   1.000000e+00
104011
  4.109449e-03   8.778613e-01  -1.250000e-02
  9.510565e-01   3.090170e-01   0.000000e+00  -3.090170e-01   9.510565e-01   0.000000e+00   0.000000e+00   0.000000e+00   1.000000e+00
104012
  1.906222e+00   2.598273e-01  -1.250000e-02
  9.510565e-01   3.090170e-01   0.000000e+00  -3.090170e-01   9.510565e-01   0.000000e+00   0.000000e+00   0.000000e+00   1.000000e+00
1041-1-1
  6.967366e+00  -2.263834e+00   2.500000e-01
  9.510565e-01  -3.090170e-01  -3.784242e-17  -3.090170e-01  -9.510565e-01  -1.164670e-16   0.000000e+00   1.224606e-16  -1.000000e+00
104100
 -2.546939e+00  -5.013234e-01  -1.250000e-02
 -9.510565e-01  -3.090170e-01   0.000000e+00   3.090170e-01  -9.510565e-01   0.000000e+00   0.000000e+00   0.000000e+00   1.000000e+00
104101
 -6.448262e-01  -1.119357e+00  -1.250000e-02
 -9.510565e-01  -3.090170e-01   0.000000e+00   3.090170e-01  -9.510565e-01   0.000000e+00   0.000000e+00   0.000000e+00   1.000000e+00
104102
  1.257287e+00  -1.737391e+00  -1.250000e-02
 -9.510565e-01  -3.090170e-01   0.000000e+00   3.090170e-01  -9.510565e-01   0.000000e+00   0.000000e+00   0.000000e+00   1.000000e+00
104111
  4.109449e-03   8.778613e-01  -1.250000e-02
  9.510565e-01   3.090170e-01   0.000000e+00  -3.090170e-01   9.510565e-01   0.000000e+00   0.000000e+00   0.000000e+00   1.000000e+00
104112
  1.906222e+00   2.598273e-01  -1.250000e-02
  9.510565e-01   3.090170e-01   0.000000e+00  -3.090170e-01   9.510565e-01   0.000000e+00   0.000000e+00   0.000000e+00   1.000000e+00
1100-1-1
 -6.967366e+00  -2.263834e+00   2.025000e+01
 -9.510565e-01   3.090170e-01   0.000000e+00  -3.090170e-01  -9.510565e-01   0.000000e+00  -0.000000e+00   0.000000e+00   1.000000e+00
110000
 -2.546939e+00  -5.013234e-01  -1.250000e-02
 -9.510565e-01  -3.090170e-01   0.000000e+00   3.090170e-01  -9.510565e-01   0.000000e+00   0.000000e+00   0.000000e+00   1.000000e+00
110001
 -6.448262e-01  -1.119357e+00  -1.250000e-02
 -9.510565e-01  -3.090170e-01   0.000000e+00   3.090170e-01  -9.510565e-01   0.000000e+00   0.000000e+00   0.000000e+00   1.000000e+00
110002
  1.257287e+00  -1.737391e+00  -1.250000e-02
 -9.510565e-01  -3.090170e-01   0.000000e+00   3.090170e-01  -9.510565e-01   0.000000e+00   0.000000e+00   0.000000e+00   1.000000e+00
110011
  4.109449e-03   8.778613e-01  -1.250000e-02
  9.510565e-01   3.090170e-01   0.000000e+00  -3.090170e-01   9.510565e-01   0.000000e+00   0.000000e+00   0.000000e+00   1.000000e+00
110012
  1.906222e+00   2.598273e-01  -1.250000e-02
  9.510565e-01   3.090170e-01   0.000000e+00  -3.090170e-01   9.510565e-01   0.000000e+00   0.000000e+00   0.000000e+00   1.000000e+00
1101-1-1
 -6.967366e+00  -2.263834e+00   2.025000e+01
 -9.510565e-01  -3.090170e-01  -3.784242e-17  -3.090170e-01   9.510565e-01   1.164670e-16   0.000000e+00   1.224606e-16  -1.000000e+00
110100
 -2.546939e+00  -5.013234e-01  -1.250000e-02
 -9.510565e-01  -3.090170e-01   0.000000e+00   3.090170e-01  -9.510565e-01   0.000000e+00   0.000000e+00   0.000000e+00   1.000000e+00
110101
 -6.448262e-01  -1.119357e+00  -1.250000e-02
 -9.510565e-01  -3.090170e-01   0.000000e+00   3.090170e-01  -9.510565e-01   0.000000e+00   0.000000e+00   0.000000e+00   1.000000e+00
110102
  1.257287e+00  -1.737391e+00  -1.250000e-02
 -9.510565e-01  -3.090170e-01   0.000000e+00   3.090170e-01  -9.510565e-01   0.000000e+00   0.000000e+00   0.000000e+00   1.000000e+00
110111
  4.109449e-03   8.778613e-01  -1.250000e-02
  9.510565e-01   3.090170e-01   0.000000e+00  -3.090170e-01   9.510565e-01   0.000000e+00   0.000000e+00   0.000000e+00   1.000000e+00
110112
  1.906222e+00   2.598273e-01  -1.250000e-02
  9.510565e-01   3.090170e-01   0.000000e+00  -3.090170e-01   9.510565e-01   0.000000e+00   0.000000e+00   0.000000e+00   1.000000e+00
1110-1-1
 -4.306069e+00  -5.926795e+00   1.975000e+01
 -5.877853e-01   8.090170e-01   0.000000e+00  -8.090170e-01  -5.877853e-01   0.000000e+00  -0.000000e+00   0.000000e+00   1.000000e+00
111000
 -2.546939e+00  -5.013234e-01  -1.250000e-02
 -9.510565e-01  -3.090170e-01   0.000000e+00   3.090170e-01  -9.510565e-01   0.000000e+00   0.000000e+00   0.000000e+00   1.000000e+00
111001
 -6.448262e-01  -1.119357e+00  -1.250000e-02
 -9.510565e-01  -3.090170e-01   0.000000e+00   3.090170e-01  -9.510565e-01   0.000000e+00   0.000000e+00   0.000000e+00   1.000000e+00
111002
  1.257287e+00  -1.737391e+00  -1.250000e-02
 -9.510565e-01  -3.090170e-01   0.000000e+00   3.090170e-01  -9.510565e-01   0.000000e+00   0.000000e+00   0.000000e+00   1.000000e+00
111011
  4.109449e-03   8.778613e-01  -1.250000e-02
  9.510565e-01   3.090170e-01   0.000000e+00  -3.090170e-01   9.510565e-01   0.000000e+00   0.000000e+00   0.000000e+00   1.000000e+00
111012
  1.906222e+00   2.598273e-01  -1.250000e-02
  9.510565e-01   3.090170e-01   0.000000e+00  -3.090170e-01   9.510565e-01   0.000000e+00   0.000000e+00   0.000000e+00   1.000000e+00
1111-1-1
 -4.306069e+00  -5.926795e+00   1.975000e+01
 -5.877853e-01  -8.090170e-01  -9.907274e-17  -8.090170e-01   5.877853e-01   7.198056e-17   0.000000e+00   1.224606e-16  -1.000000e+00
111100
 -2.546939e+00  -5.013234e-01  -1.250000e-02
 -9.510565e-01  -3.090170e-01   0.000000e+00   3.090170e-01  -9.510565e-01   0.000000e+00   0.000000e+00   0.000000e+00   1.000000e+00
111101
 -6.448262e-01  -1.119357e+00  -1.250000e-02
 -9.510565e-01  -3.090170e-01   0.000000e+00   3.090170e-01  -9.510565e-01   0.000000e+00   0.000000e+00   0.000000e+00   1.000000e+00
111102
  1.257287e+00  -1.737391e+00  -1.250000e-02
 -9.510565e-01  -3.090170e-01   0.000000e+00   3.090170e-01  -9.510565e-01   0.000000e+00   0.000000e+00   0.000000e+00   1.000000e+00
111111
  4.109449e-03   8.778613e-01  -1.250000e-02
  9.510565e-01   3.090170e-01   0.000000e+00  -3.090170e-01   9.510565e-01   0.000000e+00   0.000000e+00   0.000000e+00   1.000000e+00
111112
  1.906222e+00   2.598273e-01  -1.250000e-02
  9.510565e-01   3.090170e-01   0.000000e+00  -3.090170e-01   9.510565e-01   0.000000e+00   0.000000e+00   0.000000e+00   1.000000e+00
1120-1-1
  4.507715e-09  -7.325922e+00   2.025000e+01
 -1.836910e-16   1.000000e+00   0.000000e+00  -1.000000e+00  -1.836910e-16   0.000000e+00  -0.000000e+00   0.000000e+00   1.000000e+00
112000
 -2.546939e+00  -5.013234e-01  -1.250000e-02
 -9.510565e-01  -3.090170e-01   0.000000e+00   3.090170e-01  -9.510565e-01   0.000000e+00   0.000000e+00   0.000000e+00   1.000000e+00
112001
 -6.448262e-01  -1.119357e+00  -1.250000e-02
 -9.510565e-01  -3.090170e-01   0.000000e+00   3.090170e-01  -9.510565e-01   0.000000e+00   0.000000e+00   0.000000e+00   1.000000e+00
112002
  1.257287e+00  -1.737391e+00  -1.250000e-02
 -9.510565e-01  -3.090170e-01   0.000000e+00   3.090170e-01  -9.510565e-01   0.000000e+00   0.000000e+00   0.000000e+00   1.000000e+00
112011
  4.109449e-03   8.778613e-01  -1.250000e-02
  9.510565e-01   3.090170e-01   0.000000e+00  -3.090170e-01   9.510565e-01   0.000000e+00   0.000000e+00   0.000000e+00   1.000000e+00
112012
  1.906222e+00   2.598273e-01  -1.250000e-02
  9.510565e-01   3.090170e-01   0.000000e+00  -3.090170e-01   9.510565e-01   0.000000e+00   0.000000e+00   0.000000e+00   1.000000e+00
1121-1-1
  4.507715e-09  -7.325922e+00   2.025000e+01
 -1.836910e-16  -1.000000e+00  -1.224606e-16  -1.000000e+00   1.836910e-16   2.249491e-32   0.000000e+00   1.224606e-16  -1.000000e+00
112100
 -2.546939e+00  -5.013234e-01  -1.250000e-02
 -9.510565e-01  -3.090170e-01   0.000000e+00   3.090170e-01  -9.510565e-01   0.000000e+00   0.000000e+00   0.000000e+00   1.000000e+00
112101
 -6.448262e-01  -1.119357e+00  -1.250000e-02
 -9.510565e-01  -3.090170e-01   0.000000e+00   3.090170e-01  -9.510565e-01   0.000000e+00   0.000000e+00   0.000000e+00   1.000000e+00
112102
  1.257287e+00  -1.737391e+00  -1.250000e-02
 -9.510565e-01  -3.090170e-01   0.000000e+00   3.090170e-01  -9.510565e-01   0.000000e+00   0.000000e+00   0.000000e+00   1.000000e+00
112111
  4.109449e-03   8.778613e-01  -1.250000e-02
  9.510565e-01   3.090170e-01   0.000000e+00  -3.090170e-01   9.510565e-01   0.000000e+00   0.000000e+00   0.000000e+00   1.000000e+00
112112
  1.906222e+00   2.598273e-01  -1.250000e-02
  9.510565e-01   3.090170e-01   0.000000e+00  -3.090170e-01   9.510565e-01   0.000000e+00   0.000000e+00   0.000000e+00   1.000000e+00
1130-1-1
  4.306069e+00  -5.926795e+00   1.975000e+01
  5.877853e-01   8.090170e-01   0.000000e+00  -8.090170e-01   5.877853e-01   0.000000e+00   0.000000e+00   0.000000e+00   1.000000e+00
113000
 -2.546939e+00  -5.013234e-01  -1.250000e-02
 -9.510565e-01  -3.090170e-01   0.000000e+00   3.090170e-01  -9.510565e-01   0.000000e+00   0.000000e+00   0.000000e+00   1.000000e+00
113001
 -6.448262e-01  -1.119357e+00  -1.250000e-02
 -9.510565e-01  -3.090170e-01   0.000000e+00   3.090170e-01  -9.510565e-01   0.000000e+00   0.000000e+00   0.000000e+00   1.000000e+00
113002
  1.257287e+00  -1.737391e+00  -1.250000e-02
 -9.510565e-01  -3.090170e-01   0.000000e+00   3.090170e-01  -9.510565e-01   0.000000e+00   0.000000e+00   0.000000e+00   1.000000e+00
113011
  4.109449e-03   8.778613e-01  -1.250000e-02
  9.510565e-01   3.090170e-01   0.000000e+00  -3.090170e-01   9.510565e-01   0.000000e+00   0.000000e+00   0.000000e+00   1.000000e+00
113012
  1.906222e+00   2.598273e-01  -1.250000e-02
  9.510565e-01   3.090170e-01   0.000000e+00  -3.090170e-01   9.510565e-01   0.000000e+00   0.000000e+00   0.000000e+00   1.000000e+00
1131-1-1
  4.306069e+00  -5.926795e+00   1.975000e+01
  5.877853e-01  -8.090170e-01  -9.907274e-17  -8.090170e-01  -5.877853e-01  -7.198056e-17   0.000000e+00   1.224606e-16  -1.000000e+00
113100
 -2.546939e+00  -5.013234e-01  -1.250000e-02
 -9.510565e-01  -3.090170e-01   0.000000e+00   3.090170e-01  -9.510565e-01   0.000000e+00   0.000000e+00   0.000000e+00   1.000000e+00
113101
 -6.448262e-01  -1.119357e+00  -1.250000e-02
 -9.510565e-01  -3.090170e-01   0.000000e+00   3.090170e-01  -9.510565e-01   0.000000e+00   0.000000e+00   0.000000e+00   1.000000e+00
113102
  1.257287e+00  -1.737391e+00  -1.250000e-02
 -9.510565e-01  -3.090170e-01   0.000000e+00   3.090170e-01  -9.510565e-01   0.000000e+00   0.000000e+00   0.000000e+00   1.000000e+00
113111
  4.109449e-03   8.778613e-01  -1.250000e-02
  9.510565e-01   3.090170e-01   0.000000e+00  -3.090170e-01   9.510565e-01   0.000000e+00   0.000000e+00   0.000000e+00   1.000000e+00
113112
  1.906222e+00   2.598273e-01  -1.250000e-02
  9.510565e-01   3.090170e-01   0.000000e+00  -3.090170e-01   9.510565e-01   0.000000e+00   0.000000e+00   0.000000e+00   1.000000e+00
1140-1-1
  6.967366e+00  -2.263834e+00   2.025000e+01
  9.510565e-01   3.090170e-01   0.000000e+00  -3.090170e-01   9.510565e-01   0.000000e+00   0.000000e+00   0.000000e+00   1.000000e+00
114000
 -2.546939e+00  -5.013234e-01  -1.250000e-02
 -9.510565e-01  -3.090170e-01   0.000000e+00   3.090170e-01  -9.510565e-01   0.000000e+00   0.000000e+00   0.000000e+00   1.000000e+00
114001
 -6.448262e-01  -1.119357e+00  -1.250000e-02
 -9.510565e-01  -3.090170e-01   0.000000e+00   3.090170e-01  -9.510565e-01   0.000000e+00   0.000000e+00   0.000000e+00   1.000000e+00
114002
  1.257287e+00  -1.737391e+00  -1.250000e-02
 -9.510565e-01  -3.090170e-01   0.000000e+00   3.090170e-01  -9.510565e-01   0.000000e+00   0.000000e+00   0.000000e+00   1.000000e+00
114011
  4.109449e-03   8.778613e-01  -1.250000e-02
  9.510565e-01   3.090170e-01   0.000000e+00  -3.090170e-01   9.510565e-01   0.000000e+00   0.000000e+00   0.000000e+00   1.000000e+00
114012
  1.906222e+00   2.598273e-01  -1.250000e-02
  9.510565e-01   3.090170e-01   0.000000e+00  -3.090170e-01   9.510565e-01   0.000000e+00   0.000000e+00   0.000000e+00   1.000000e+00
1141-1-1
  6.967366e+00  -2.263834e+00   2.025000e+01
  9.510565e-01  -3.090170e-01  -3.784242e-17  -3.090170e-01  -9.510565e-01  -1.164670e-16   0.000000e+00   1.224606e-16  -1.000000e+00
114100
 -2.546939e+00  -5.013234e-01  -1.250000e-02
 -9.510565e-01  -3.090170e-01   0.000000e+00   3.090170e-01  -9.510565e-01   0.000000e+00   0.000000e+00   0.000000e+00   1.000000e+00
114101
 -6.448262e-01  -1.119357e+00  -1.250000e-02
 -9.510565e-01  -3.090170e-01   0.000000e+00   3.090170e-01  -9.510565e-01   0.000000e+00   0.000000e+00   0.000000e+00   1.000000e+00
114102
  1.257287e+00  -1.737391e+00  -1.250000e-02
 -9.510565e-01  -3.090170e-01   0.000000e+00   3.090170e-01  -9.510565e-01   0.000000e+00   0.000000e+00   0.000000e+00   1.000000e+00
114111
  4.109449e-03   8.778613e-01  -1.250000e-02
  9.510565e-01   3.090170e-01   0.000000e+00  -3.090170e-01   9.510565e-01   0.000000e+00   0.000000e+00   0.000000e+00   1.000000e+00
114112
  1.906222e+00   2.598273e-01  -1.250000e-02
  9.510565e-01   3.090170e-01   0.000000e+00  -3.090170e-01   9.510565e-01   0.000000e+00   0.000000e+00   0.000000e+00   1.000000e+00
1200-1-1
 -6.967366e+00  -2.263834e+00   3.025000e+01
 -9.510565e-01   3.090170e-01   0.000000e+00  -3.090170e-01  -9.510565e-01   0.000000e+00  -0.000000e+00   0.000000e+00   1.000000e+00
120000
 -2.546939e+00  -5.013234e-01  -1.250000e-02
 -9.510565e-01  -3.090170e-01   0.000000e+00   3.090170e-01  -9.510565e-01   0.000000e+00   0.000000e+00   0.000000e+00   1.000000e+00
120001
 -6.448262e-01  -1.119357e+00  -1.250000e-02
 -9.510565e-01  -3.090170e-01   0.000000e+00   3.090170e-01  -9.510565e-01   0.000000e+00   0.000000e+00   0.000000e+00   1.000000e+00
120002
  1.257287e+00  -1.737391e+00  -1.250000e-02
 -9.510565e-01  -3.090170e-01   0.000000e+00   3.090170e-01  -9.510565e-01   0.000000e+00   0.000000e+00   0.000000e+00   1.000000e+00
120011
  4.109449e-03   8.778613e-01  -1.250000e-02
  9.510565e-01   3.090170e-01   0.000000e+00  -3.090170e-01   9.510565e-01   0.000000e+00   0.000000e+00   0.000000e+00   1.000000e+00
120012
  1.906222e+00   2.598273e-01  -1.250000e-02
  9.510565e-01   3.090170e-01   0.000000e+00  -3.090170e-01   9.510565e-01   0.000000e+00   0.000000e+00   0.000000e+00   1.000000e+00
1201-1-1
 -6.967366e+00  -2.263834e+00   3.025000e+01
 -9.510565e-01  -3.090170e-01  -3.784242e-17  -3.090170e-01   9.510565e-01   1.164670e-16   0.000000e+00   1.224606e-16  -1.000000e+00
120100
 -2.546939e+00  -5.013234e-01  -1.250000e-02
 -9.510565e-01  -3.090170e-01   0.000000e+00   3.090170e-01  -9.510565e-01   0.000000e+00   0.000000e+00   0.000000e+00   1.000000e+00
120101
 -6.448262e-01  -1.119357e+00  -1.250000e-02
 -9.510565e-01  -3.090170e-01   0.000000e+00   3.090170e-01  -9.510565e-01   0.000000e+00   0.000000e+00   0.000000e+00   1.000000e+00
120102
  1.257287e+00  -1.737391e+00  -1.250000e-02
 -9.510565e-01  -3.090170e-01   0.000000e+00   3.090170e-01  -9.510565e-01   0.000000e+00   0.000000e+00   0.000000e+00   1.000000e+00
120111
  4.109449e-03   8.778613e-01  -1.250000e-02
  9.510565e-01   3.090170e-01   0.000000e+00  -3.090170e-01   9.510565e-01   0.000000e+00   0.000000e+00   0.000000e+00   1.000000e+00
120112
  1.906222e+00   2.598273e-01  -1.250000e-02
  9.510565e-01   3.090170e-01   0.000000e+00  -3.090170e-01   9.510565e-01   0.000000e+00   0.000000e+00   0.000000e+00   1.000000e+00
1210-1-1
 -4.306069e+00  -5.926795e+00   2.975000e+01
 -5.877853e-01   8.090170e-01   0.000000e+00  -8.090170e-01  -5.877853e-01   0.000000e+00  -0.000000e+00   0.000000e+00   1.000000e+00
121000
 -2.546939e+00  -5.013234e-01  -1.250000e-02
 -9.510565e-01  -3.090170e-01   0.000000e+00   3.090170e-01  -9.510565e-01   0.000000e+00   0.000000e+00   0.000000e+00   1.000000e+00
121001
 -6.448262e-01  -1.119357e+00  -1.250000e-02
 -9.510565e-01  -3.090170e-01   0.000000e+00   3.090170e-01  -9.510565e-01   0.000000e+00   0.000000e+00   0.000000e+00   1.000000e+00
121002
  1.257287e+00  -1.737391e+00  -1.250000e-02
 -9.510565e-01  -3.090170e-01   0.000000e+00   3.090170e-01  -9.510565e-01   0.000000e+00   0.000000e+00   0.000000e+00   1.000000e+00
121011
  4.109449e-03   8.778613e-01  -1.250000e-02
  9.510565e-01   3.090170e-01   0.000000e+00  -3.090170e-01   9.510565e-01   0.000000e+00   0.000000e+00   0.000000e+00   1.000000e+00
121012
  1.906222e+00   2.598273e-01  -1.250000e-02
  9.510565e-01   3.090170e-01   0.000000e+00  -3.090170e-01   9.510565e-01   0.000000e+00   0.000000e+00   0.000000e+00   1.000000e+00
1211-1-1
 -4.306069e+00  -5.926795e+00   2.975000e+01
 -5.877853e-01  -8.090170e-01  -9.907274e-17  -8.090170e-01   5.877853e-01   7.198056e-17   0.000000e+00   1.224606e-16  -1.000000e+00
121100
 -2.546939e+00  -5.013234e-01  -1.250000e-02
 -9.510565e-01  -3.090170e-01   0.000000e+00   3.090170e-01  -9.510565e-01   0.000000e+00   0.000000e+00   0.000000e+00   1.000000e+00
121101
 -6.448262e-01  -1.119357e+00  -1.250000e-02
 -9.510565e-01  -3.090170e-01   0.000000e+00   3.090170e-01  -9.510565e-01   0.000000e+00   0.000000e+00   0.000000e+00   1.000000e+00
121102
  1.257287e+00  -1.737391e+00  -1.250000e-02
 -9.510565e-01  -3.090170e-01   0.000000e+00   3.090170e-01  -9.510565e-01   0.000000e+00   0.000000e+00   0.000000e+00   1.000000e+00
121111
  4.109449e-03   8.778613e-01  -1.250000e-02
  9.510565e-01   3.090170e-01   0.000000e+00  -3.090170e-01   9.510565e-01   0.000000e+00   0.000000e+00   0.000000e+00   1.000000e+00
121112
  1.906222e+00   2.598273e-01  -1.250000e-02
  9.510565e-01   3.090170e-01   0.000000e+00  -3.090170e-01   9.510565e-01   0.000000e+00   0.000000e+00   0.000000e+00   1.000000e+00
1220-1-1
  4.507715e-09  -7.325922e+00   3.025000e+01
 -1.836910e-16   1.000000e+00   0.000000e+00  -1.000000e+00  -1.836910e-16   0.000000e+00  -0.000000e+00   0.000000e+00   1.000000e+00
122000
 -2.546939e+00  -5.013234e-01  -1.250000e-02
 -9.510565e-01  -3.090170e-01   0.000000e+00   3.090170e-01  -9.510565e-01   0.000000e+00   0.000000e+00   0.000000e+00   1.000000e+00
122001
 -6.448262e-01  -1.119357e+00  -1.250000e-02
 -9.510565e-01  -3.090170e-01   0.000000e+00   3.090170e-01  -9.510565e-01   0.000000e+00   0.000000e+00   0.000000e+00   1.000000e+00
122002
  1.257287e+00  -1.737391e+00  -1.250000e-02
 -9.510565e-01  -3.090170e-01   0.000000e+00   3.090170e-01  -9.510565e-01   0.000000e+00   0.000000e+00   0.000000e+00   1.000000e+00
122011
  4.109449e-03   8.778613e-01  -1.250000e-02
  9.510565e-01   3.090170e-01   0.000000e+00  -3.090170e-01   9.510565e-01   0.000000e+00   0.000000e+00   0.000000e+00   1.000000e+00
122012
  1.906222e+00   2.598273e-01  -1.250000e-02
  9.510565e-01   3.090170e-01   0.000000e+00  -3.090170e-01   9.510565e-01   0.000000e+00   0.000000e+00   0.000000e+00   1.000000e+00
1221-1-1
  4.507715e-09  -7.325922e+00   3.025000e+01
 -1.836910e-16  -1.000000e+00  -1.224606e-16  -1.000000e+00   1.836910e-16   2.249491e-32   0.000000e+00   1.224606e-16  -1.000000e+00
122100
 -2.546939e+00  -5.013234e-01  -1.250000e-02
 -9.510565e-01  -3.090170e-01   0.000000e+00   3.090170e-01  -9.510565e-01   0.000000e+00   0.000000e+00   0.000000e+00   1.000000e+00
122101
 -6.448262e-01  -1.119357e+00  -1.250000e-02
 -9.510565e-01  -3.090170e-01   0.000000e+00   3.090170e-01  -9.510565e-01   0.000000e+00   0.000000e+00   0.000000e+00   1.000000e+00
122102
  1.257287e+00  -1.737391e+00  -1.250000e-02
 -9.510565e-01  -3.090170e-01   0.000000e+00   3.090170e-01  -9.510565e-01   0.000000e+00   0.000000e+00   0.000000e+00   1.000000e+00
122111
  4.109449e-03   8.778613e-01  -1.250000e-02
  9.510565e-01   3.090170e-01   0.000000e+00  -3.090170e-01   9.510565e-01   0.000000e+00   0.000000e+00   0.000000e+00   1.000000e+00
122112
  1.906222e+00   2.598273e-01  -1.250000e-02
  9.510565e-01   3.090170e-01   0.000000e+00  -3.090170e-01   9.510565e-01   0.000000e+00   0.000000e+00   0.000000e+00   1.000000e+00
1230-1-1
  4.306069e+00  -5.926795e+00   2.975000e+01
  5.877853e-01   8.090170e-01   0.000000e+00  -8.090170e-01   5.877853e-01   0.000000e+00   0.000000e+00   0.000000e+00   1.000000e+00
123000
 -2.546939e+00  -5.013234e-01  -1.250000e-02
 -9.510565e-01  -3.090170e-01   0.000000e+00   3.090170e-01  -9.510565e-01   0.000000e+00   0.000000e+00   0.000000e+00   1.000000e+00
123001
 -6.448262e-01  -1.119357e+00  -1.250000e-02
 -9.510565e-01  -3.090170e-01   0.000000e+00   3.090170e-01  -9.510565e-01   0.000000e+00   0.000000e+00   0.000000e+00   1.000000e+00
123002
  1.257287e+00  -1.737391e+00  -1.250000e-02
 -9.510565e-01  -3.090170e-01   0.000000e+00   3.090170e-01  -9.510565e-01   0.000000e+00   0.000000e+00   0.000000e+00   1.000000e+00
123011
  4.109449e-03   8.778613e-01  -1.250000e-02
  9.510565e-01   3.090170e-01   0.000000e+00  -3.090170e-01   9.510565e-01   0.000000e+00   0.000000e+00   0.000000e+00   1.000000e+00
123012
  1.906222e+00   2.598273e-01  -1.250000e-02
  9.510565e-01   3.090170e-01   0.000000e+00  -3.090170e-01   9.510565e-01   0.000000e+00   0.000000e+00   0.000000e+00   1.000000e+00
1231-1-1
  4.306069e+00  -5.926795e+00   2.975000e+01
  5.877853e-01  -8.090170e-01  -9.907274e-17  -8.090170e-01  -5.877853e-01  -7.198056e-17   0.000000e+00   1.224606e-16  -1.000000e+00
123100
 -2.546939e+00  -5.013234e-01  -1.250000e-02
 -9.510565e-01  -3.090170e-01   0.000000e+00   3.090170e-01  -9.510565e-01   0.000000e+00   0.000000e+00   0.000000e+00   1.000000e+00
123101
 -6.448262e-01  -1.119357e+00  -1.250000e-02
 -9.510565e-01  -3.090170e-01   0.000000e+00   3.090170e-01  -9.510565e-01   0.000000e+00   0.000000e+00   0.000000e+00   1.000000e+00
123102
  1.257287e+00  -1.737391e+00  -1.250000e-02
 -9.510565e-01  -3.090170e-01   0.000000e+00   3.090170e-01  -9.510565e-01   0.000000e+00   0.000000e+00   0.000000e+00   1.000000e+00
123111
  4.109449e-03   8.778613e-01  -1.250000e-02
  9.510565e-01   3.090170e-01   0.000000e+00  -3.090170e-01   9.510565e-01   0.000000e+00   0.000000e+00   0.000000e+00   1.000000e+00
123112
  1.906222e+00   2.598273e-01  -1.250000e-02
  9.510565e-01   3.090170e-01   0.000000e+00  -3.090170e-01   9.510565e-01   0.000000e+00   0.000000e+00   0.000000e+00   1.000000e+00
1240-1-1
  6.967366e+00  -2.263834e+00   3.025000e+01
  9.510565e-01   3.090170e-01   0.000000e+00  -3.090170e-01   9.510565e-01   0.000000e+00   0.000000e+00   0.000000e+00   1.000000e+00
124000
 -2.546939e+00  -5.013234e-01  -1.250000e-02
 -9.510565e-01  -3.090170e-01   0.000000e+00   3.090170e-01  -9.510565e-01   0.000000e+00   0.000000e+00   0.000000e+00   1.000000e+00
124001
 -6.448262e-01  -1.119357e+00  -1.250000e-02
 -9.510565e-01  -3.090170e-01   0.000000e+00   3.090170e-01  -9.510565e-01   0.000000e+00   0.000000e+00   0.000000e+00   1.000000e+00
124002
  1.257287e+00  -1.737391e+00  -1.250000e-02
 -9.510565e-01  -3.090170e-01   0.000000e+00   3.090170e-01  -9.510565e-01   0.000000e+00   0.000000e+00   0.000000e+00   1.000000e+00
124011
  4.109449e-03   8.778613e-01  -1.250000e-02
  9.510565e-01   3.090170e-01   0.000000e+00  -3.090170e-01   9.510565e-01   0.000000e+00   0.000000e+00   0.000000e+00   1.000000e+00
124012
  1.906222e+00   2.598273e-01  -1.250000e-02
  9.510565e-01   3.090170e-01   0.000000e+00  -3.090170e-01   9.510565e-01   0.000000e+00   0.000000e+00   0.000000e+00   1.000000e+00
1241-1-1
  6.967366e+00  -2.263834e+00   3.025000e+01
  9.510565e-01  -3.090170e-01  -3.784242e-17  -3.090170e-01  -9.510565e-01  -1.164670e-16   0.000000e+00   1.224606e-16  -1.000000e+00
124100
 -2.546939e+00  -5.013234e-01  -1.250000e-02
 -9.510565e-01  -3.090170e-01   0.000000e+00   3.090170e-01  -9.510565e-01   0.000000e+00   0.000000e+00   0.000000e+00   1.000000e+00
124101
 -6.448262e-01  -1.119357e+00  -1.250000e-02
 -9.510565e-01  -3.090170e-01   0.000000e+00   3.090170e-01  -9.510565e-01   0.000000e+00   0.000000e+00   0.000000e+00   1.000000e+00
124102
  1.257287e+00  -1.737391e+00  -1.250000e-02
 -9.510565e-01  -3.090170e-01   0.000000e+00   3.090170e-01  -9.510565e-01   0.000000e+00   0.000000e+00   0.000000e+00   1.000000e+00
124111
  4.109449e-03   8.778613e-01  -1.250000e-02
  9.510565e-01   3.090170e-01   0.000000e+00  -3.090170e-01   9.510565e-01   0.000000e+00   0.000000e+00   0.000000e+00   1.000000e+00
124112
  1.906222e+00   2.598273e-01  -1.250000e-02
  9.510565e-01   3.090170e-01   0.000000e+00  -3.090170e-01   9.510565e-01   0.000000e+00   0.000000e+00   0.000000e+00   1.000000e+00
1300-1-1
 -6.967366e+00  -2.263834e+00   4.025000e+01
 -9.510565e-01   3.090170e-01   0.000000e+00  -3.090170e-01  -9.510565e-01   0.000000e+00  -0.000000e+00   0.000000e+00   1.000000e+00
130000
 -2.546939e+00  -5.013234e-01  -1.250000e-02
 -9.510565e-01  -3.090170e-01   0.000000e+00   3.090170e-01  -9.510565e-01   0.000000e+00   0.000000e+00   0.000000e+00   1.000000e+00
130001
 -6.448262e-01  -1.119357e+00  -1.250000e-02
 -9.510565e-01  -3.090170e-01   0.000000e+00   3.090170e-01  -9.510565e-01   0.000000e+00   0.000000e+00   0.000000e+00   1.000000e+00
130002
  1.257287e+00  -1.737391e+00  -1.250000e-02
 -9.510565e-01  -3.090170e-01   0.000000e+00   3.090170e-01  -9.510565e-01   0.000000e+00   0.000000e+00   0.000000e+00   1.000000e+00
130011
  4.109449e-03   8.778613e-01  -1.250000e-02
  9.510565e-01   3.090170e-01   0.000000e+00  -3.090170e-01   9.510565e-01   0.000000e+00   0.000000e+00   0.000000e+00   1.000000e+00
130012
  1.906222e+00   2.598273e-01  -1.250000e-02
  9.510565e-01   3.090170e-01   0.000000e+00  -3.090170e-01   9.510565e-01   0.000000e+00   0.000000e+00   0.000000e+00   1.000000e+00
1301-1-1
 -6.967366e+00  -2.263834e+00   4.025000e+01
 -9.510565e-01  -3.090170e-01  -3.784242e-17  -3.090170e-01   9.510565e-01   1.164670e-16   0.000000e+00   1.224606e-16  -1.000000e+00
130100
 -2.546939e+00  -5.013234e-01  -1.250000e-02
 -9.510565e-01  -3.090170e-01   0.000000e+00   3.090170e-01  -9.510565e-01   0.000000e+00   0.000000e+00   0.000000e+00   1.000000e+00
130101
 -6.448262e-01  -1.119357e+00  -1.250000e-02
 -9.510565e-01  -3.090170e-01   0.000000e+00   3.090170e-01  -9.510565e-01   0.000000e+00   0.000000e+00   0.000000e+00   1.000000e+00
130102
  1.257287e+00  -1.737391e+00  -1.250000e-02
 -9.510565e-01  -3.090170e-01   0.000000e+00   3.090170e-01  -9.510565e-01   0.000000e+00   0.000000e+00   0.000000e+00   1.000000e+00
130111
  4.109449e-03   8.778613e-01  -1.250000e-02
  9.510565e-01   3.090170e-01   0.000000e+00  -3.090170e-01   9.510565e-01   0.000000e+00   0.000000e+00   0.000000e+00   1.000000e+00
130112
  1.906222e+00   2.598273e-01  -1.250000e-02
  9.510565e-01   3.090170e-01   0.000000e+00  -3.090170e-01   9.510565e-01   0.000000e+00   0.000000e+00   0.000000e+00   1.000000e+00
1310-1-1
 -4.306069e+00  -5.926795e+00   3.975000e+01
 -5.877853e-01   8.090170e-01   0.000000e+00  -8.090170e-01  -5.877853e-01   0.000000e+00  -0.000000e+00   0.000000e+00   1.000000e+00
131000
 -2.546939e+00  -5.013234e-01  -1.250000e-02
 -9.510565e-01  -3.090170e-01   0.000000e+00   3.090170e-01  -9.510565e-01   0.000000e+00   0.000000e+00   0.000000e+00   1.000000e+00
131001
 -6.448262e-01  -1.119357e+00  -1.250000e-02
 -9.510565e-01  -3.090170e-01   0.000000e+00   3.090170e-01  -9.510565e-01   0.000000e+00   0.000000e+00   0.000000e+00   1.000000e+00
131002
  1.257287e+00  -1.737391e+00  -1.250000e-02
 -9.510565e-01  -3.090170e-01   0.000000e+00   3.090170e-01  -9.510565e-01   0.000000e+00   0.000000e+00   0.000000e+00   1.000000e+00
131011
  4.109449e-03   8.778613e-01  -1.250000e-02
  9.510565e-01   3.090170e-01   0.000000e+00  -3.090170e-01   9.510565e-01   0.000000e+00   0.000000e+00   0.000000e+00   1.000000e+00
131012
  1.906222e+00   2.598273e-01  -1.250000e-02
  9.510565e-01   3.090170e-01   0.000000e+00  -3.090170e-01   9.510565e-01   0.000000e+00   0.000000e+00   0.000000e+00   1.000000e+00
1311-1-1
 -4.306069e+00  -5.926795e+00   3.975000e+01
 -5.877853e-01  -8.090170e-01  -9.907274e-17  -8.090170e-01   5.877853e-01   7.198056e-17   0.000000e+00   1.224606e-16  -1.000000e+00
131100
 -2.546939e+00  -5.013234e-01  -1.250000e-02
 -9.510565e-01  -3.090170e-01   0.000000e+00   3.090170e-01  -9.510565e-01   0.000000e+00   0.000000e+00   0.000000e+00   1.000000e+00
131101
 -6.448262e-01  -1.119357e+00  -1.250000e-02
 -9.510565e-01  -3.090170e-01   0.000000e+00   3.090170e-01  -9.510565e-01   0.000000e+00   0.000000e+00   0.000000e+00   1.000000e+00
131102
  1.257287e+00  -1.737391e+00  -1.250000e-02
 -9.510565e-01  -3.090170e-01   0.000000e+00   3.090170e-01  -9.510565e-01   0.000000e+00   0.000000e+00   0.000000e+00   1.000000e+00
131111
  4.109449e-03   8.778613e-01  -1.250000e-02
  9.510565e-01   3.090170e-01   0.000000e+00  -3.090170e-01   9.510565e-01   0.000000e+00   0.000000e+00   0.000000e+00   1.000000e+00
131112
  1.906222e+00   2.598273e-01  -1.250000e-02
  9.510565e-01   3.090170e-01   0.000000e+00  -3.090170e-01   9.510565e-01   0.000000e+00   0.000000e+00   0.000000e+00   1.000000e+00
1320-1-1
  4.507715e-09  -7.325922e+00   4.025000e+01
 -1.836910e-16   1.000000e+00   0.000000e+00  -1.000000e+00  -1.836910e-16   0.000000e+00  -0.000000e+00   0.000000e+00   1.000000e+00
132000
 -2.546939e+00  -5.013234e-01  -1.250000e-02
 -9.510565e-01  -3.090170e-01   0.000000e+00   3.090170e-01  -9.510565e-01   0.000000e+00   0.000000e+00   0.000000e+00   1.000000e+00
132001
 -6.448262e-01  -1.119357e+00  -1.250000e-02
 -9.510565e-01  -3.090170e-01   0.000000e+00   3.090170e-01  -9.510565e-01   0.000000e+00   0.000000e+00   0.000000e+00   1.000000e+00
132002
  1.257287e+00  -1.737391e+00  -1.250000e-02
 -9.510565e-01  -3.090170e-01   0.000000e+00   3.090170e-01  -9.510565e-01   0.000000e+00   0.000000e+00   0.000000e+00   1.000000e+00
132011
  4.109449e-03   8.778613e-01  -1.250000e-02
  9.510565e-01   3.090170e-01   0.000000e+00  -3.090170e-01   9.510565e-01   0.000000e+00   0.000000e+00   0.000000e+00   1.000000e+00
132012
  1.906222e+00   2.598273e-01  -1.250000e-02
  9.510565e-01   3.090170e-01   0.000000e+00  -3.090170e-01   9.510565e-01   0.000000e+00   0.000000e+00   0.000000e+00   1.000000e+00
1321-1-1
  4.507715e-09  -7.325922e+00   4.025000e+01
 -1.836910e-16  -1.000000e+00  -1.224606e-16  -1.000000e+00   1.836910e-16   2.249491e-32   0.000000e+00   1.224606e-16  -1.000000e+00
132100
 -2.546939e+00  -5.013234e-01  -1.250000e-02
 -9.510565e-01  -3.090170e-01   0.000000e+00   3.090170e-01  -9.510565e-01   0.000000e+00   0.000000e+00   0.000000e+00   1.000000e+00
132101
 -6.448262e-01  -1.119357e+00  -1.250000e-02
 -9.510565e-01  -3.090170e-01   0.000000e+00   3.090170e-01  -9.510565e-01   0.000000e+00   0.000000e+00   0.000000e+00   1.000000e+00
132102
  1.257287e+00  -1.737391e+00  -1.250000e-02
 -9.510565e-01  -3.090170e-01   0.000000e+00   3.090170e-01  -9.510565e-01   0.000000e+00   0.000000e+00   0.000000e+00   1.000000e+00
132111
  4.109449e-03   8.778613e-01  -1.250000e-02
  9.510565e-01   3.090170e-01   0.000000e+00  -3.090170e-01   9.510565e-01   0.000000e+00   0.000000e+00   0.000000e+00   1.000000e+00
132112
  1.906222e+00   2.598273e-01  -1.250000e-02
  9.510565e-01   3.090170e-01   0.000000e+00  -3.090170e-01   9.510565e-01   0.000000e+00   0.000000e+00   0.000000e+00   1.000000e+00
1330-1-1
  4.306069e+00  -5.926795e+00   3.975000e+01
  5.877853e-01   8.090170e-01   0.000000e+00  -8.090170e-01   5.877853e-01   0.000000e+00   0.000000e+00   0.000000e+00   1.000000e+00
133000
 -2.546939e+00  -5.013234e-01  -1.250000e-02
 -9.510565e-01  -3.090170e-01   0.000000e+00   3.090170e-01  -9.510565e-01   0.000000e+00   0.000000e+00   0.000000e+00   1.000000e+00
133001
 -6.448262e-01  -1.119357e+00  -1.250000e-02
 -9.510565e-01  -3.090170e-01   0.000000e+00   3.090170e-01  -9.510565e-01   0.000000e+00   0.000000e+00   0.000000e+00   1.000000e+00
133002
  1.257287e+00  -1.737391e+00  -1.250000e-02
 -9.510565e-01  -3.090170e-01   0.000000e+00   3.090170e-01  -9.510565e-01   0.000000e+00   0.000000e+00   0.000000e+00   1.000000e+00
133011
  4.109449e-03   8.778613e-01  -1.250000e-02
  9.510565e-01   3.090170e-01   0.000000e+00  -3.090170e-01   9.510565e-01   0.000000e+00   0.000000e+00   0.000000e+00   1.000000e+00
133012
  1.906222e+00   2.598273e-01  -1.250000e-02
  9.510565e-01   3.090170e-01   0.000000e+00  -3.090170e-01   9.510565e-01   0.000000e+00   0.000000e+00   0.000000e+00   1.000000e+00
1331-1-1
  4.306069e+00  -5.926795e+00   3.975000e+01
  5.877853e-01  -8.090170e-01  -9.907274e-17  -8.090170e-01  -5.877853e-01  -7.198056e-17   0.000000e+00   1.224606e-16  -1.000000e+00
133100
 -2.546939e+00  -5.013234e-01  -1.250000e-02
 -9.510565e-01  -3.090170e-01   0.000000e+00   3.090170e-01  -9.510565e-01   0.000000e+00   0.000000e+00   0.000000e+00   1.000000e+00
133101
 -6.448262e-01  -1.119357e+00  -1.250000e-02
 -9.510565e-01  -3.090170e-01   0.000000e+00   3.090170e-01  -9.510565e-01   0.000000e+00   0.000000e+00   0.000000e+00   1.000000e+00
133102
  1.257287e+00  -1.737391e+00  -1.250000e-02
 -9.510565e-01  -3.090170e-01   0.000000e+00   3.090170e-01  -9.510565e-01   0.000000e+00   0.000000e+00   0.000000e+00   1.000000e+00
133111
  4.109449e-03   8.778613e-01  -1.250000e-02
  9.510565e-01   3.090170e-01   0.000000e+00  -3.090170e-01   9.510565e-01   0.000000e+00   0.000000e+00   0.000000e+00   1.000000e+00
133112
  1.906222e+00   2.598273e-01  -1.250000e-02
  9.510565e-01   3.090170e-01   0.000000e+00  -3.090170e-01   9.510565e-01   0.000000e+00   0.000000e+00   0.000000e+00   1.000000e+00
1340-1-1
  6.967366e+00  -2.263834e+00   4.025000e+01
  9.510565e-01   3.090170e-01   0.000000e+00  -3.090170e-01   9.510565e-01   0.000000e+00   0.000000e+00   0.000000e+00   1.000000e+00
134000
 -2.546939e+00  -5.013234e-01  -1.250000e-02
 -9.510565e-01  -3.090170e-01   0.000000e+00   3.090170e-01  -9.510565e-01   0.000000e+00   0.000000e+00   0.000000e+00   1.000000e+00
134001
 -6.448262e-01  -1.119357e+00  -1.250000e-02
 -9.510565e-01  -3.090170e-01   0.000000e+00   3.090170e-01  -9.510565e-01   0.000000e+00   0.000000e+00   0.000000e+00   1.000000e+00
134002
  1.257287e+00  -1.737391e+00  -1.250000e-02
 -9.510565e-01  -3.090170e-01   0.000000e+00   3.090170e-01  -9.510565e-01   0.000000e+00   0.000000e+00   0.000000e+00   1.000000e+00
134011
  4.109449e-03   8.778613e-01  -1.250000e-02
  9.510565e-01   3.090170e-01   0.000000e+00  -3.090170e-01   9.510565e-01   0.000000e+00   0.000000e+00   0.000000e+00   1.000000e+00
134012
  1.906222e+00   2.598273e-01  -1.250000e-02
  9.510565e-01   3.090170e-01   0.000000e+00  -3.090170e-01   9.510565e-01   0.000000e+00   0.000000e+00   0.000000e+00   1.000000e+00
1341-1-1
  6.967366e+00  -2.263834e+00   4.025000e+01
  9.510565e-01  -3.090170e-01  -3.784242e-17  -3.090170e-01  -9.510565e-01  -1.164670e-16   0.000000e+00   1.224606e-16  -1.000000e+00
134100
 -2.546939e+00  -5.013234e-01  -1.250000e-02
 -9.510565e-01  -3.090170e-01   0.000000e+00   3.090170e-01  -9.510565e-01   0.000000e+00   0.000000e+00   0.000000e+00   1.000000e+00
134101
 -6.448262e-01  -1.119357e+00  -1.250000e-02
 -9.510565e-01  -3.090170e-01   0.000000e+00   3.090170e-01  -9.510565e-01   0.000000e+00   0.000000e+00   0.000000e+00   1.000000e+00
134102
  1.257287e+00  -1.737391e+00  -1.250000e-02
 -9.510565e-01  -3.090170e-01   0.000000e+00   3.090170e-01  -9.510565e-01   0.000000e+00   0.000000e+00   0.000000e+00   1.000000e+00
134111
  4.109449e-03   8.778613e-01  -1.250000e-02
  9.510565e-01   3.090170e-01   0.000000e+00  -3.090170e-01   9.510565e-01   0.000000e+00   0.000000e+00   0.000000e+00   1.000000e+00
134112
  1.906222e+00   2.598273e-01  -1.250000e-02
  9.510565e-01   3.090170e-01   0.000000e+00  -3.090170e-01   9.510565e-01   0.000000e+00   0.000000e+00   0.000000e+00   1.000000e+00
